26959
2
28583
1371
22218
520
23579
19245
5127
3449
8851
9898
14629
10916
3011
30274
16671
26022
15399
12819
21236
23448
26184
25877
9733
7520
29243
18068
1470
13517
15978
2020
14456
32740
23959
10832
19870
22132
30237
29011
5903
11761
9849
17675
20932
12158
4874
6378
16819
29772
277
10927
17651
23587
8972
11668
8736
12862
31248
13769
5633
5212
28852
30754
25704
20500
4868
12813
28762
10857
1990
19910
8048
17822
12031
5838
3197
6476
2489
4761
19825
12465
20228
20870
20606
9035
21051
19477
5241
31653
7816
8277
16514
114
27562
17307
24295
5080
20470
31865
16198
7438
21404
14574
17394
12329
18732
5339
7832
26675
3929
9398
16419
10110
8188
22658
32732
12855
4188
2815
15830
22334
26284
4382
1161
6965
26837
23991
28093
6616
18550
3454
20138
4492
20521
28468
28509
19770
30217
23578
20829
24669
30577
29867
18831
26970
25094
5514
29015
19985
11767
6330
13056
9905
19843
14093
30046
19152
21948
7647
10929
13499
9355
3331
18125
12042
10229
4350
24696
120
10908
11635
532
2546
18825
3039
28030
2798
30504
647
22325
32766
12180
1966
23743
20389
16917
25866
14920
14697
21480
16249
909
15145
62
18161
25592
24753
14726
8885
10764
12684
20463
28111
8708
12569
16681
22458
951
9442
13676
15711
30655
5416
19900
20035
30682
15299
10091
4606
3728
21801
14559
25071
14871
1996
27542
11054
30323
21929
5990
3266
13025
19485
17162
9748
13942
26107
19930
10660
14340
21469
26330
2043
11581
7863
29942
18145
5403
22706
21644
22735
16767
20535
3627
2215
25624
31049
27291
19875
25222
281
2077
7051
13759
16340
21747
812
22706
31936
4899
14085
2603
14471
18809
18499
26103
29139
17867
12272
6472
6170
5248
30823
13915
8380
4435
6923
27479
29259
30037
26168
8313
6697
1585
32634
16750
89
19124
22013
13824
3471
26765
6469
19957
30601
3921
2079
9268
10146
5314
11224
15658
28581
9808
21420
25708
223
13280
25729
3486
22904
30669
20694
15507
7171
16428
19702
14517
1363
23893
4977
4008
29840
22943
19916
11050
14731
24170
30072
32318
7503
27235
16641
3465
22777
15619
29064
22268
28361
7001
5235
23731
6520
21002
3427
22301
17868
6294
31846
21086
19051
14812
21615
15089
20973
9697
13827
7570
11060
20685
25140
7771
29696
822
22995
27437
20926
32673
31970
11601
11425
8518
15944
15967
8436
22548
16328
9311
6831
9717
27188
6447
20296
339
21982
8485
2507
16603
5968
29940
32045
29825
17469
17108
4318
20420
17591
2781
23453
2355
17569
6836
16528
21296
22888
27754
25236
20980
12270
27809
25042
13011
22215
27633
6035
18625
30888
16266
17493
21014
6940
21786
25629
19342
13689
15857
7440
29844
13331
30051
31805
26816
15279
26221
29886
29342
16699
29852
21759
31665
18876
3115
9821
15799
26247
32107
10995
6447
16820
10088
28080
13593
20176
13770
6317
19453
29650
30201
1470
18990
15952
1925
15688
8528
30963
27588
22354
29976
13609
14525
29406
1363
7449
29508
14201
31018
8668
21607
5393
28580
23018
32265
13831
31084
9170
25293
22405
24533
24879
25910
31762
23835
24023
29196
11363
10732
14165
6657
14964
1062
22682
28308
15064
4835
24047
9782
10318
19379
29998
19371
26004
15656
3634
31924
4480
25240
28556
31723
24908
25886
887
6638
30002
28130
28943
14783
23352
28058
21949
29803
13390
32081
13046
8170
12182
15463
25637
15687
20483
20442
12517
4609
12325
26307
20340
28848
14403
26660
27492
29931
31403
11744
1172
13930
10822
28939
14943
14184
24431
19300
22291
4683
7941
29216
12197
10887
22463
3562
11171
25792
18880
21543
2409
10799
3180
17790
12952
15174
9849
13720
13508
5527
27721
36
12909
28914
6263
3871
24625
6093
21168
5714
25151
7913
6340
10268
7695
16435
15868
1905
21585
23785
29871
23331
5923
27389
5648
9824
28806
20926
7242
10877
19731
31157
719
5617
32490
5069
236
9381
27884
23480
21154
5483
16938
22925
945
6347
12700
26294
28917
7430
8727
31241
29685
6997
22137
32565
27834
19058
26151
15712
7645
23129
6585
4366
3812
7504
32755
32069
26831
16933
20215
22511
237
951
26042
5503
1524
29111
437
30679
849
14000
31965
9321
11965
32581
10196
26013
13329
26299
5217
7027
29531
3255
25630
8042
25905
14408
28528
8096
6469
11303
22716
13626
826
4158
24536
14854
2486
5224
2496
8543
3001
12408
28811
22610
20525
9596
20381
28927
5054
9283
8221
7489
10475
15644
22954
15505
24157
31969
11081
295
8056
23348
16546
28771
817
24073
26477
17004
15647
5733
10535
25879
9428
23140
11529
9738
18285
24705
30266
18465
14184
8210
21060
2064
3766
6930
3013
21578
22289
29987
13671
15394
19600
31699
8465
23088
11897
1055
22367
15863
4694
16694
9040
6340
27979
30847
1599
12761
18342
14044
10261
26059
20152
27441
6076
13609
14564
2592
28631
9822
12277
7959
13232
32473
13748
28301
30833
5995
14011
3464
11928
20464
16260
4707
8101
26161
1989
17102
29717
13321
18432
25366
21908
6343
3413
2727
367
4564
32668
8655
24392
18070
19888
27844
28685
2963
13325
18409
10539
8410
20894
31053
4094
12191
16080
15220
10636
19237
6891
25947
4724
30945
930
21430
21281
988
10985
30588
17475
8025
32518
11685
6016
7352
6379
17459
22630
14490
25795
20591
31141
17222
14539
14965
17019
10315
20067
8690
12399
6503
20837
45
8514
24744
31157
11076
22819
7633
25369
7864
14626
29439
5963
11564
14823
25740
32333
32618
32420
28724
10493
1191
5192
8054
10729
14344
12534
6461
28772
24421
1973
30400
23002
10060
1129
24487
28000
16457
1026
12655
30095
24932
23795
13839
27795
21484
19429
11740
28287
27763
6317
12458
9699
5402
1916
10804
26273
19727
27222
30142
27388
16723
26310
23800
26354
25281
17359
32294
26060
7500
21541
23934
9715
5256
20638
9681
26373
2412
14051
23662
24104
19798
107
3140
17567
26191
17834
11334
13467
18576
8581
17684
18515
18758
26890
6615
12118
11923
2910
22636
11808
213
11766
5318
15340
298
22794
5005
13002
26932
18503
10251
17905
22553
13253
10569
12886
4302
9528
17013
23934
28054
11626
8839
22160
11461
3561
20261
28078
31434
11004
7875
21893
23916
23004
7694
803
25684
24353
25739
16393
17100
12667
7291
8834
14022
21666
16899
24627
24864
24720
23945
12018
29478
2285
15713
10204
21849
14539
29353
24737
11119
5779
5489
12067
22938
1087
5152
19264
28429
28618
4626
17131
6589
2021
6534
29826
1892
10476
9400
859
22476
5656
16970
31393
1098
21238
22760
4702
24712
12568
20012
19160
6280
26122
5311
21025
20454
15751
26050
26602
18014
15341
10604
13208
9613
17647
21236
16538
23548
6794
13233
5369
10586
18490
2432
5680
16393
20077
19558
12351
8157
8760
32630
29435
3616
21833
2293
6568
20185
31261
21949
12489
845
6259
19423
20023
20935
17920
20620
3953
14997
14180
25910
21043
15955
23901
8178
23370
14700
25146
801
24486
6365
7059
30799
9137
19516
17464
29275
9439
6393
4711
31448
390
13029
32322
11956
4849
15856
19583
28183
28080
7479
12642
17294
15409
13118
8168
18025
10133
30585
6470
31842
17084
1298
4241
32383
11170
1766
14015
25913
22255
9425
17102
16349
14793
22059
2627
6963
17901
15762
32214
23390
27646
29162
24172
27907
6172
22691
15941
4525
23737
30010
8823
19312
16296
20995
22683
11213
23927
26149
21702
2518
22271
7398
11195
25490
15673
25129
32094
28323
28500
22580
25452
7206
7940
6839
14442
5083
28444
13066
19163
27270
24671
8631
20662
6037
147
8504
12055
28162
4056
1538
27189
7291
4152
24514
20884
30913
29567
16358
15484
6734
23373
18783
27305
2106
8041
28069
23876
32351
3672
31484
15378
3516
7215
24567
6892
7191
29605
18490
13167
1766
7532
30339
26356
28016
12738
32748
7362
26160
18499
19562
20611
9082
6657
154
25845
19297
2518
13501
3810
1751
1785
7424
27730
3094
32208
1794
7167
10303
19205
20624
26889
3137
25820
15283
24299
24829
11972
17388
22958
26280
11052
22718
26205
9072
32663
8557
1976
25954
32499
11782
13100
7051
11814
14751
6659
19037
30443
25056
4825
8021
31964
30658
14159
26587
18639
19863
2563
28522
15974
9803
14527
2288
4066
10729
20208
18296
9272
864
27738
10758
9063
2952
21515
16066
7432
9568
26509
345
32039
12186
25184
30881
17233
12121
27047
22396
12270
6201
17442
9470
23506
21904
20060
12242
28174
30963
32550
20697
25612
12796
4163
16661
8155
29515
8037
1734
12487
26827
23385
15826
2605
9014
4478
16234
7309
7388
12155
27883
1249
31648
3377
8706
17965
13379
4847
4628
16728
29413
4069
5341
24378
27848
21724
9815
8438
32600
26404
7645
2698
16488
24525
24720
7076
25535
19226
4858
19128
6611
7218
3569
13903
19412
2329
6846
162
22764
25311
14975
2407
14534
15895
31946
31211
10061
32651
10643
22369
15798
8494
16976
3961
7360
17234
7770
13109
3130
24091
9879
21497
13254
10036
29782
14049
20702
32704
22394
21078
3604
32404
2011
18916
24478
27299
1513
23622
2321
14777
28307
30659
12397
26477
18023
26814
8794
14417
32762
22152
11185
15723
16778
632
11326
11241
11746
32062
18117
23824
13438
18036
21058
2678
11504
2678
28789
6769
16770
29300
28062
4303
27933
15045
19846
30663
4201
894
10686
21808
25142
3908
17707
32753
16155
25694
30915
27065
7260
1038
23953
12528
8721
11298
22527
3821
12421
22214
26708
30313
21725
27804
25724
30259
28922
23823
32520
13350
6816
4324
16245
5209
30167
27409
20401
24725
3729
19411
17115
1036
30094
18939
14666
12103
9341
5768
1490
30817
28004
15995
14402
19315
31041
16103
12593
16207
6642
8008
8955
8817
29522
1557
9222
21554
16293
31641
13898
15935
13110
20222
26640
586
17214
20907
29177
12287
21512
23760
30275
5946
4691
21822
17736
2679
31736
8573
19271
9610
23500
17944
2919
27792
15560
7228
19449
22309
6247
22145
22526
7127
17488
18440
31209
20443
25397
8646
5030
12031
23803
6687
30682
8160
8731
12983
26733
18525
15944
4229
24134
17995
32338
6697
32341
24682
11594
20607
24535
17304
11495
5492
2005
8261
27944
21784
15854
15399
1851
17653
7767
19503
32670
11680
3360
10939
29572
29325
28345
15885
13690
19495
18868
8956
7498
26656
13772
28649
3871
25606
15399
9205
32235
22040
3288
5745
27910
22615
11688
31383
13592
18912
1558
19319
4152
14968
27804
13363
12629
13417
6452
18543
27349
22669
8475
8452
10365
168
24533
12532
16529
23546
29041
26275
24636
14869
8718
27972
5937
30701
30366
8849
18067
17198
13034
5311
30483
10194
215
7345
23128
7154
7399
26732
31651
32220
11266
2507
25523
14439
7799
23923
13286
387
17470
24074
31906
26388
30336
14244
21235
7681
31320
12158
26997
18311
220
13295
12405
8404
26711
10395
16723
20689
8921
17130
6442
18495
26098
2745
26291
26629
1978
21327
28519
25032
11540
16530
20452
1725
11572
11386
7058
30907
20063
199
8070
29077
16370
22767
19623
5286
30118
91
3343
32429
18450
8402
2228
2012
32370
13622
7495
27691
9638
5230
3420
19954
22654
10403
10956
18103
23860
9903
87
31300
15418
22994
16014
24573
13366
22439
28657
13937
12108
12375
14420
21807
7579
28429
9095
20699
22794
32426
18229
9601
30276
18105
15373
23336
9985
5285
12832
22699
4488
9513
9354
22724
16753
25097
28757
13674
5552
10240
21146
32093
20431
10489
4585
2047
10363
16002
22251
31589
3394
16509
30790
30894
27547
13336
15809
25235
11559
26368
24233
29248
18742
19154
16243
3682
3981
9427
12962
6274
4199
26080
16620
9361
17849
16040
15512
20164
25018
17432
9258
9122
26275
14359
6210
20059
27571
19060
26818
347
13175
26140
32047
19743
30536
24209
7258
22855
3093
4503
22335
13293
17507
20785
6957
11062
13201
10699
12071
25894
13921
22713
8331
10681
25780
1760
25329
4911
20629
7091
10070
6311
13945
15458
11898
9967
709
19277
6790
15259
20625
31679
1010
13908
17836
19929
21926
21619
28640
1740
13407
2767
1911
31052
30037
12754
15101
12865
26651
14291
26696
23999
30662
19871
26294
30776
26449
16729
18102
8176
11584
31621
10890
6834
12932
21087
7243
25538
30879
10097
1325
22034
27400
868
10756
18104
24529
9239
20743
9120
2951
12526
29908
27262
27738
2413
10421
3079
28797
25093
4642
3937
23504
9005
7047
2520
12477
16053
17479
16082
8287
28503
12800
31749
17898
5776
26385
1511
12615
11438
16985
10342
1278
30505
11330
16346
11097
31030
5374
20024
26311
21146
10257
28808
16766
188
22800
18585
8292
13823
11688
12019
32048
15182
26849
16653
3020
4089
31652
8128
20222
15295
24188
29180
24648
1836
14489
32698
28429
3621
30746
31025
15092
24769
16268
15949
3474
9818
19629
14941
30531
30436
15478
10252
21336
24190
20569
20882
22392
16199
6344
8491
12864
1395
10486
5576
32045
24990
14305
28677
1468
32095
21136
11100
12751
24097
921
6040
851
27182
5095
9868
32544
17421
18618
16900
31520
28686
17135
15868
6068
30755
25474
15120
26707
497
22865
3380
3957
2855
15395
31397
20911
16399
22760
26400
25631
8291
4931
16209
31242
26209
69
14478
21956
25633
7804
14533
24784
19239
20268
31411
3913
4661
29916
16983
4736
28002
23316
13735
7911
3184
19302
11649
18734
4955
29611
4836
16043
302
399
7264
23807
31002
5968
32715
27895
8649
32194
27702
1200
3824
14231
24607
21759
26916
23005
12265
26127
18414
19912
20617
1868
29217
24498
14977
30336
30827
16224
30994
572
24107
21895
14765
11130
17538
4750
28588
2688
19373
6806
24639
31496
7826
29368
10921
21405
23704
5005
8364
11336
21948
1268
833
30828
19682
26383
30605
30703
13416
3215
18449
17306
6401
2610
17953
30915
11969
24457
24471
18473
13428
7423
15560
27679
8500
11031
31415
18925
20539
5877
21897
17011
7925
2080
22329
30223
12633
17286
24205
32705
20602
24513
4681
27533
5977
3736
5282
27681
25086
8137
2805
5048
12999
8454
19897
5182
511
16189
21683
19125
11186
19740
13160
6615
28608
4821
14808
22525
14385
19230
3433
21567
6600
29052
20002
14045
17115
17858
7193
16606
19554
10452
4399
12022
8525
14001
762
17325
28699
16817
8451
15550
23208
4875
17202
14269
22598
5273
31878
18941
32272
18400
17929
20401
8571
11851
22020
13905
2350
1719
30575
17984
8212
1076
30123
12203
24239
25098
28788
24244
24239
30971
11281
23248
19651
14792
12749
13677
11439
12535
21675
19417
9119
30674
28246
24671
15546
14003
26711
20147
23547
7295
25994
24464
21308
28529
8147
32671
19860
6937
19981
23963
1251
24484
9795
13235
30123
1629
20515
16431
1314
16244
23471
12631
19845
3326
4150
2192
1198
24382
10115
14537
12521
17955
18772
1045
8196
23569
23310
23705
21669
19941
30638
19625
24032
9267
9219
10798
19721
12753
4891
6475
15815
19354
3835
8768
9322
11628
22930
24206
22143
12403
6640
348
417
13994
10676
16153
1170
28574
22211
22627
24202
23158
27968
19495
10446
10544
7608
29962
20101
26925
5020
5640
30407
5360
20469
6747
21752
29475
7251
3231
21332
26330
10758
2355
19402
5404
12689
12258
17166
928
9820
22723
23018
5332
21161
4189
26837
1315
28617
7951
31174
19832
3728
8112
5194
3838
25606
26994
4053
27691
20063
20748
24661
29436
9774
1304
4365
31874
12245
2489
24993
9629
16704
6018
14701
17672
28627
24979
25883
661
23200
1797
21109
29626
25822
13193
15991
24909
29846
13131
2473
6796
2464
32285
9900
31072
16590
32209
22290
31715
5991
5094
10867
5919
727
8808
29628
10009
12452
7185
10443
8206
676
24500
24633
25852
7022
25308
24951
26468
3854
28592
31517
29774
3069
31257
4990
21135
4176
20519
10112
5703
32559
10673
11179
19885
10889
23356
895
27407
9478
12318
779
4116
28733
12260
11963
7749
23336
21232
11634
12491
9428
27239
8408
25466
14173
16202
22518
2831
3866
11490
4096
17078
8725
14946
14193
29392
23486
30664
26461
13554
224
8708
1795
14641
4051
21084
19875
4253
28916
15631
5775
267
2898
17208
15235
17944
4522
23542
26937
25450
7062
6346
8761
27705
24321
18752
25583
25614
7646
466
8703
7371
7193
2569
3037
13804
12750
30181
20632
8460
19898
28287
21750
20395
31727
28141
4038
28206
17611
29286
114
20519
30762
27814
29652
29143
14555
28052
2890
13042
23633
22307
14861
11937
29339
5238
11454
21709
2711
7495
20290
10395
1634
18569
25808
18483
5138
12876
26184
8646
7848
14562
6855
31183
19264
21824
7800
9881
22155
21158
19373
9473
26239
10627
14894
27261
9293
403
18640
6237
12948
8010
25930
29777
21460
16501
1605
18988
21797
11295
2994
6887
4393
31153
31072
15593
7999
21342
16334
20869
761
14270
1854
13253
28625
32441
12554
17510
29975
9639
827
14115
9774
9909
12888
17719
4856
24459
15740
26909
9359
19244
20651
1946
12854
4893
8550
10749
25231
15305
31101
11686
11534
28708
25637
3269
4013
12431
12618
9316
19681
26876
17191
7080
17869
12882
23059
20563
17590
17171
21150
27790
19384
21308
2524
2534
15287
30572
23553
1428
26520
14153
28974
27137
26544
25375
19595
4489
16764
27851
20886
26239
14227
18392
13243
25714
21978
5351
1060
16047
3575
7252
20946
20487
30728
23574
4077
14291
2964
11495
13912
18485
25793
17062
20617
10656
27080
3065
28312
22426
25767
13622
11413
23232
25878
21124
17439
25611
32443
30013
23602
11603
14241
12439
2881
17169
15079
20868
16261
7017
9141
19926
404
7784
29812
11943
17717
906
3647
31224
15475
10367
15508
24472
24816
17710
10576
11592
10108
8443
19674
19996
4582
11589
11934
22820
4882
10547
2493
29516
31052
12977
10754
2177
21212
26805
5401
8213
219
711
21499
20581
27717
448
28845
5561
4431
24018
31786
4203
21754
21960
12446
28236
22760
17295
980
835
16750
6646
15858
21815
8684
28594
26724
7983
857
15269
10518
4024
14626
9824
24038
18056
30773
5350
3161
21856
25688
20658
31116
18487
1984
28924
32366
30868
26847
26937
27693
12348
12925
24801
5358
24333
8714
14452
19649
26666
12339
24511
30420
19032
10163
24924
29415
10152
7788
18296
32511
28759
1206
15832
24927
13554
16119
5406
28340
25533
32116
2889
16528
30038
18022
32124
12313
19606
26193
26368
26883
19896
14993
20875
10427
28861
2613
6851
32229
21262
24849
13054
7177
3172
8463
14668
6025
19173
15814
6327
7639
31376
22094
2761
32228
31706
8530
9039
5340
11673
24422
18781
29456
20002
18331
16786
19764
30638
8785
11677
3530
15363
1613
9472
6878
9040
27660
19220
9204
4696
2902
1614
3135
23506
14102
15552
17683
272
11112
14819
11421
26080
500
8595
17618
31664
16507
5211
22181
10229
13743
26867
21885
27085
6216
7943
5862
738
7252
28474
12934
10130
29390
7275
7764
31310
26483
27191
23300
22080
4305
23743
17605
11569
18081
9643
23599
31913
21078
25199
7031
7768
3574
4044
11238
30644
25897
22170
3977
19684
27792
5574
4905
15069
855
19863
7293
7371
13070
20533
10399
24754
16820
23403
3773
3925
10773
32684
23313
2903
28247
30804
22035
19360
30927
22833
3053
5378
32537
13634
26671
30492
7015
8894
14788
4223
4121
16472
13093
24080
27022
8130
15052
6574
29242
14704
8172
27668
11513
19870
1887
30208
18851
22164
9439
29845
18401
28713
5242
1277
15423
22662
26688
19284
27522
28204
15935
193
12347
20281
29361
11494
24220
32230
17011
3707
6795
11861
29113
30517
21493
8586
19201
7917
23909
12727
2629
12798
20693
29628
2165
7919
14020
4590
15140
26450
9096
17431
23682
30699
16102
2239
20362
19477
27104
938
5244
24674
30414
9634
24974
14466
10160
375
13278
31846
26307
29251
27820
28836
27986
30450
20166
19998
19663
26370
28739
15583
3618
25736
29812
30277
23361
12148
8728
21093
26369
15893
10703
17579
1836
16096
12498
3009
13523
26477
29664
6322
26341
13506
5756
29008
31489
212
29269
4563
8329
4427
31494
4546
31224
902
2559
4119
26741
14815
9923
10910
13736
11824
8021
1182
4044
19862
1260
8379
3077
16756
24814
4635
8948
18875
13852
18632
23433
3177
8714
32085
6169
32336
13011
32709
14769
18713
17674
28072
3497
21128
32244
4999
14716
18690
13812
32130
6359
22860
26438
31544
16879
29077
29936
6887
9240
13751
24054
24532
29844
2234
12494
14318
23976
20377
21267
29870
9205
20809
29054
19265
13830
22520
11281
8169
23078
30611
21141
8353
28276
7562
17735
29440
28473
19927
19919
31071
14200
12605
1137
29502
12231
22733
5511
31972
24414
23215
31535
12870
4974
11295
32577
31018
4276
23734
6532
13964
845
5867
32289
29505
8396
2521
28759
13274
12426
8259
11633
1995
28221
10453
1013
5069
31436
21420
27423
7040
20322
10521
11917
20053
26306
23970
572
23467
4314
10058
4787
4664
9370
30739
25982
3755
1030
16832
7646
15759
9866
9951
31167
13427
7566
15623
6890
9800
18251
17503
28796
30474
9181
30815
21655
12963
153
24027
12887
27404
28064
12861
18440
16821
12724
24594
22934
8231
12363
7368
26436
25576
30178
5045
15521
414
24212
16988
27577
25464
2795
27116
2184
1738
5878
14858
14516
7415
18332
6352
27515
13204
8751
11286
19945
10186
8773
2032
20303
26876
451
9847
18930
20138
18234
3277
9216
1430
3703
16731
31944
22565
16213
30557
14889
22023
9942
5025
2635
7962
9842
28299
11662
21900
28079
30557
7360
31553
29170
7349
24467
15988
6293
7768
10062
31136
18233
11309
450
27297
20062
30349
14464
25878
25137
5050
12361
1035
5540
24236
23750
7893
3012
13076
7289
1340
21320
10907
4340
18144
8293
16234
18249
2517
22762
30704
17601
13457
9864
32735
19409
28424
881
21112
27977
16149
29990
23049
14799
17436
27017
10420
10124
21998
27194
11889
37
2796
6688
4182
27373
26992
12614
1303
26457
18536
27369
23241
19380
9028
6607
2539
7187
25875
22234
31142
19852
28392
32220
22868
18851
23939
27821
13120
17925
21037
14459
7340
17529
17124
19810
10009
20243
5560
11324
30402
17578
2933
15035
8810
18829
15746
22965
16471
12402
13065
13758
17567
28591
20824
1532
5282
30381
11144
11575
29656
30617
30044
28976
11725
31068
7531
15412
8553
17870
21122
7408
4469
2086
30788
30855
24155
12214
20243
8930
3373
27349
21300
20808
16361
19996
5933
6958
764
31701
7538
32080
5124
24496
30017
4864
1498
21176
7883
31166
26064
15238
31380
4874
17975
32436
18460
6262
21029
21397
30655
13823
20085
20771
21466
7837
11278
18233
17711
20249
3945
14339
13963
29471
29005
1458
23462
8340
15581
10356
24394
23849
3797
163
15543
8753
31249
6460
18503
21168
30031
28308
11086
22452
22069
3398
22340
22248
32150
7536
13350
14182
6385
11807
3609
26829
7482
21767
1617
8339
24285
30328
2865
413
27393
18829
7091
25101
1545
27815
23051
9052
29537
7705
12679
20648
27255
27941
5050
30543
23815
30504
4313
28092
29340
1297
20325
31873
23892
7447
9994
7590
27619
23724
25288
17985
31962
11948
28240
28231
14122
12763
29361
19106
11235
25486
9779
28036
17730
25256
21379
16634
9963
24264
23569
4036
25459
1985
14775
4196
11041
4427
17307
9845
22518
7928
14934
20030
31466
11369
24406
26247
20089
17857
7040
19627
12894
9306
31002
32495
5279
951
29929
14610
27593
17082
27286
16166
9853
9495
8279
19102
13355
18697
13771
19879
2846
9540
31269
188
20409
9002
28044
28276
256
10561
29122
29087
20058
10725
28164
22930
31380
2618
27186
10431
28714
30053
25904
8585
27330
28668
27276
5462
23034
16314
11105
10725
24931
31608
7803
2274
6605
22360
27579
11703
30662
324
9917
17830
31581
8599
7353
22036
3372
21529
14759
7464
11413
11569
18599
24725
21323
8022
5023
7860
12820
21703
9766
21974
10958
20860
14241
21976
11184
29020
171
20472
20435
5808
32699
6374
26865
7384
28928
20767
22124
25404
32144
26486
19858
1158
26050
10739
30495
3599
10968
22753
1539
19350
31714
28707
11110
31544
27103
6855
3050
32156
10020
1246
6704
22127
22018
32650
31389
4368
10915
11096
21598
23948
25653
7376
13225
31180
24906
12107
24902
15117
21375
31237
21327
19345
22108
7027
6964
28820
28028
20183
29953
27778
11758
17
23524
20839
5850
20920
18410
22439
23912
18793
30985
3311
12253
5727
29539
28523
13320
9796
4297
18746
17628
31815
19326
24607
13150
32367
9790
19833
3778
11567
21887
4725
14288
31034
3575
15490
17293
11160
7262
11781
28952
5114
10869
24398
14034
29003
21831
11211
10945
18567
30895
32636
18999
7632
21530
30887
25774
17343
27790
20941
11767
13560
20460
10204
15252
11265
7538
28838
29026
27988
30595
13714
8571
30642
17067
26258
25434
3771
21982
22869
26176
21436
0
18621
17111
24776
1707
26771
4117
6666
556
24954
16228
10585
15054
18721
1024
22541
27484
27325
18848
15121
3297
29623
32344
25914
4018
22689
13246
5079
9646
1647
23372
2442
453
13284
8709
2902
12471
26442
12123
13304
28446
1126
19281
4475
8367
30379
12253
16647
19645
19374
2448
31994
17406
20954
27512
20793
21394
3941
14918
27081
10561
9602
21164
12185
19717
29657
28425
10146
21448
4148
4168
18482
12142
26235
28165
14469
16406
5346
12786
11926
2717
22625
634
24372
14436
7525
8356
13400
17492
2245
7481
15798
31007
3319
26921
3986
9416
24452
17707
981
9573
25273
21668
4448
13092
22431
22474
11680
2956
27694
20745
27747
25093
31166
6566
20970
14747
1982
10658
2879
3071
26280
5857
201
25038
30516
3979
30493
16406
29133
21427
12823
3863
16961
29238
20010
24134
19388
19686
17396
10648
10487
10216
18965
1020
15533
18523
2370
19241
9807
26170
22165
18587
28408
30084
26663
25560
675
2714
14305
18936
18844
24040
2191
11876
30260
12999
16694
2270
23225
9634
4776
29890
23461
9560
6997
5515
21014
7138
32100
9368
29310
2614
6915
3121
2972
7019
27899
13253
12715
29469
10119
24949
10713
15123
8550
21719
10746
13343
12591
32499
16510
20038
29925
31634
30880
3105
14283
12217
3809
13699
27257
12656
18869
7517
24880
23751
19068
32478
19563
14875
27315
13790
8118
6550
31084
22140
23235
2037
27899
26630
26811
142
23795
18202
2514
145
22609
29451
31518
24462
27638
19078
20649
4407
27995
31606
13765
13416
23936
10788
1951
4964
30757
5027
32279
31074
17213
12139
22223
328
12960
5188
13954
16822
13312
9318
13464
31302
14110
17630
17655
9746
1597
9267
29723
6007
727
21578
10601
281
6800
15239
25536
4135
2152
8501
9298
31713
13876
22824
31666
11863
21071
21152
27949
27251
28045
3697
7262
4921
13680
16481
30973
30798
7839
8146
23800
19383
5011
11169
20677
9444
31636
25933
27126
13549
11748
18268
30734
4123
9530
31482
29587
12458
1905
4324
25444
5837
21890
16772
11341
10739
22448
30813
32473
16201
6658
11946
22375
27008
3318
22850
17536
30160
7796
28095
26472
14909
24321
17119
25331
6425
1845
20523
11418
24010
29039
4310
29646
22221
23495
3559
5005
20731
1604
21403
16946
22539
336
22020
29585
24665
16488
2295
8515
15845
17688
12069
27967
3231
30247
9352
21162
28130
30479
10241
22769
16190
5039
26687
32020
11898
5188
22498
17733
20185
3478
3296
12977
5021
367
12072
1438
21450
25425
14982
1974
15148
21864
6087
20642
19611
12734
20765
14555
22910
13230
26053
28349
4750
21915
230
25054
5597
14050
6077
30877
7702
7692
13047
17406
14086
27465
26462
9653
7003
3866
16824
7296
8108
22861
10732
10938
20154
13358
359
2862
6902
8188
190
10281
18755
666
6293
2259
30972
8071
22975
10430
27961
19472
10407
28096
31566
13252
16366
12286
17045
16681
18005
2122
4462
32429
31710
22703
7043
991
16942
17225
25937
17119
1078
858
2276
18963
16658
23707
14305
19996
15921
5328
7882
4105
9399
11167
3454
29642
3615
17570
2303
23271
17445
30651
10872
6002
14307
31656
28543
2874
29754
24279
24471
18241
3955
17019
11001
16240
24614
19423
9876
26250
31067
16378
18770
18015
12784
32069
3741
26690
15163
18377
25122
8636
2799
7036
30932
6530
7236
30925
15156
6309
19538
24446
9424
31753
21950
27570
15626
23064
12185
18759
3355
12471
21381
29029
14168
12153
12058
26199
5043
29203
17544
24986
30084
16145
15997
10292
32394
7879
31561
31047
9004
24201
21312
19174
17413
21535
7775
18727
160
30067
15667
19322
10112
6285
10487
13369
26468
28609
20221
28288
9673
5671
15183
32318
7855
16460
22165
22156
12704
25895
15161
27198
32751
29519
26058
10936
16446
26219
17566
26884
27458
20713
27324
19745
9675
11763
27128
22429
3070
3998
6240
8550
16869
32101
17623
19933
27947
5847
7936
25388
31776
20108
22110
31961
24067
20829
13497
3228
4225
28116
14275
7534
9849
4066
28155
19683
11266
9424
6866
28345
2991
31608
26124
3761
22802
29877
6762
17565
9342
6168
14214
3771
15377
24797
23294
9793
32242
22301
17620
569
8152
18757
31509
31887
4044
14790
20665
19817
21039
21774
21451
20662
254
952
26314
18954
20565
27903
2382
6825
15410
32121
5102
7650
17276
17922
27490
8094
21572
18165
28389
8504
19786
31651
9693
24719
14531
14845
28862
21850
9305
14996
16684
6332
14964
23748
7520
27417
184
31531
29388
19495
24527
25696
31746
22856
22632
19426
15826
26135
2431
18255
24498
832
27615
11223
25444
26518
26342
24559
32722
28511
8841
30026
9021
9714
14999
7941
24726
3461
14146
22562
19500
6464
28379
20023
2952
3478
13533
25703
7317
15060
31277
25234
6149
17914
17056
9417
29423
29643
5054
24325
957
10784
16582
18712
20037
7041
14322
18147
23350
20726
13563
24778
7862
1563
31968
8293
12873
2931
1764
9592
26101
8958
14037
1830
27812
2830
3220
21857
10185
11094
27858
20133
22086
6212
26392
7654
10894
24721
7434
13511
3078
22806
12012
5644
1970
23265
20837
9298
13325
10120
28803
18685
3128
26557
1024
1907
1623
30755
30916
20616
26937
30816
21418
10808
9527
20596
29063
32668
13406
8265
2153
11543
17872
19850
19996
7377
14439
9145
26611
1894
10396
14972
1988
11487
5543
5688
23093
6625
25064
14049
10806
19748
12934
2321
24015
20775
29270
27991
12316
7714
31742
18897
19606
22589
12122
23037
12179
15871
30238
12492
28689
23305
31677
8440
22191
21252
7306
32664
26108
22744
20509
29938
14324
9758
4857
20368
21704
1753
4972
3478
26334
19808
9654
4178
28697
17055
17261
11797
25690
26239
6687
5697
19783
5283
27962
15268
23371
24917
20265
14596
2013
17088
30144
25595
11526
23135
11738
518
13853
29365
12864
21464
19926
1343
27085
27380
11643
23719
20688
32122
29048
10042
4530
11329
5917
3484
4313
28455
1952
8634
28619
7077
21601
14849
19351
14759
2162
3278
14961
6810
13143
8229
19612
26310
4362
24997
5261
5342
29507
31419
31309
32725
20469
13591
24095
3828
6428
860
20067
9258
16822
540
21690
17571
5135
1283
7787
12187
15682
1106
1029
22389
12797
32399
13382
28935
20612
8827
1596
3385
25593
21829
13994
28878
27866
26877
5293
7809
21195
5963
24991
18260
25494
5217
26684
5413
17264
20014
3843
898
12926
11221
27103
15038
19351
24925
3847
8516
8268
11178
13091
5932
22053
2220
20656
4108
10542
16342
24229
32529
30642
20178
23127
18766
15175
3699
10394
12883
4874
9195
4649
30466
17196
4670
24392
2718
19886
32758
22183
10789
2152
1305
9098
14816
21584
5464
26407
8504
23033
23177
31055
6347
28506
4951
7249
7871
2769
19000
10268
1366
26472
30880
28835
20419
15958
27253
27526
20797
14793
30146
22766
16977
1250
23215
29624
16508
7425
24497
27863
27641
18500
32254
13811
6104
21834
12868
24406
16464
2109
17818
3337
15190
22799
8887
18234
22382
26371
2913
10721
23746
17776
16937
14244
9329
1474
31830
21495
14889
8897
12319
10375
15352
12566
4893
31193
27743
30986
23807
12078
10921
23954
8832
4523
17786
13449
23702
1718
23467
29756
28652
18851
16213
23083
18579
26768
3884
28430
24053
2189
31247
3095
13066
13569
24797
17783
9934
15945
19081
24099
10482
27553
24177
10456
9937
1096
22763
31324
17575
29663
11809
4360
14077
3602
20256
5507
20584
13691
17707
6352
6003
27075
5973
13195
30938
267
11855
10863
27129
4234
10878
15388
3971
18551
24656
31767
15479
18217
28369
24339
23888
10109
9337
23663
9085
20088
9800
18687
1296
15405
3350
20239
25786
25569
27940
10149
30199
20334
31734
30983
12678
4581
18533
32381
28188
19831
14576
23896
29017
20630
17491
19251
3323
3671
6235
27001
7250
30235
8952
31272
30196
28270
12692
20948
9649
30511
6819
10990
713
14066
9595
15942
30301
30626
9318
17615
1572
22123
29942
18082
30559
10966
23193
23366
7695
26934
26477
16175
11365
1092
26454
25220
5754
4614
333
21798
24128
14325
763
13293
23481
8798
2694
31541
21862
2825
683
25241
32003
4889
9485
9726
9329
29747
30412
24532
16116
19682
29530
22680
670
3130
22922
28573
15883
16572
20202
269
13903
20090
19795
27946
8493
20604
3774
9434
3978
10593
27481
24419
23584
1865
24027
23923
29303
24307
8724
23907
529
8739
8648
9404
29157
13639
9149
17147
10256
26713
28947
29073
31174
30471
25812
13614
22414
21522
6604
9279
2479
17396
10907
30390
4325
2757
14344
17161
32601
12639
10648
3197
24016
9665
23648
1700
28963
15025
13335
12836
29679
19110
17007
14011
6285
484
30885
7808
26437
5097
5975
22124
19646
24584
20631
6168
27833
18772
20541
8392
3327
17855
7809
22953
11416
26755
4297
21847
6974
27585
15551
18082
9490
32104
8615
21650
9869
21337
31728
28585
7352
19145
30472
3175
1440
5862
12661
26388
9476
17085
18210
13497
338
2651
22006
25968
11474
20274
12459
23517
12064
11199
13278
15869
8927
27242
29026
17182
23468
25518
9690
9007
10321
1913
11399
2874
1339
5590
25950
15151
21295
19145
16734
12515
26168
378
26912
1112
228
4758
12720
22847
4015
29171
21403
2491
14528
20339
6217
28264
5075
16170
29069
26524
7799
11459
12155
3053
16505
7711
18554
8179
29856
2368
26522
15183
27034
16742
13607
16107
12087
16247
3454
132
17365
18852
6687
20326
5660
15946
260
13943
20203
1558
7729
8055
30609
29037
31629
15238
20545
1291
31472
21735
27328
31210
26237
28163
23905
29797
23346
20913
8755
13981
16829
30900
30329
21020
18833
26757
20058
7352
6714
28500
12506
27834
12013
24905
4105
24640
4196
15119
29050
13280
24809
19859
31479
27790
28336
22281
14195
22720
16489
11569
10304
11472
20502
23768
30339
16033
26650
25249
22756
9349
22163
24837
394
15198
27370
30617
10310
22532
29097
8079
1294
10215
8844
12672
20142
1270
13530
30825
4538
16575
3573
30195
29639
10967
15920
15351
14042
22140
16354
32577
4385
25465
11449
18324
11489
20042
23888
24815
25776
2945
9987
29199
4068
29288
11266
23605
29515
15080
29092
18473
10781
4777
12542
1151
6958
3451
5557
6425
20072
29941
24336
13293
13945
15195
5969
21256
17097
5573
21830
20435
19887
382
15387
12182
15076
14507
11634
23866
23096
23085
25013
12371
25219
18632
23211
25950
6367
1412
25674
27462
30740
2387
6093
10798
27732
25077
5382
10090
30505
5657
26100
10958
20395
5317
16536
18732
21238
13303
6917
30744
22747
653
17847
3822
16598
29026
37
22807
19264
6074
15257
7559
4806
5856
64
16266
14874
24845
10365
23745
8680
26508
26243
3175
15116
29724
18467
9177
18690
12694
11490
9302
10398
10191
25167
13827
28413
11968
23188
21554
29883
7396
12618
3811
8550
13538
29330
1419
2867
5740
22625
32533
16112
13927
29211
17191
17466
8780
27236
6310
12784
4814
24371
3452
26344
4541
39
27545
15072
14122
26399
32567
15287
16844
24325
4707
19165
3746
3306
16825
12040
13274
12120
3695
28200
17138
26595
20885
926
30237
17154
29850
18088
19688
29213
4883
5408
23581
27623
27064
5735
21735
26350
13999
10908
1848
25201
28430
23057
25448
12657
28059
22783
16159
15370
32470
29560
24948
27396
28217
30110
6742
29094
30910
25619
26923
27082
18594
6320
30392
30263
24168
6010
26177
24362
2850
12241
16881
23862
24556
15851
1660
1614
14009
8321
4610
4385
14418
14024
31287
25254
923
31395
3521
6647
23064
2839
1249
3682
30129
15103
9558
29629
27570
30721
23934
6395
16662
7616
6847
29949
5125
2387
24357
30122
32411
247
23116
17730
5867
17408
2433
31215
12356
22294
8996
25502
16819
24733
20816
27660
5576
10613
32703
15652
10141
5604
16615
8584
20757
10960
3689
21358
11874
29490
26796
11693
23242
22983
6597
29463
27306
19209
8091
8202
18107
13149
328
31298
19604
11662
5058
21233
22640
30074
29114
12050
7218
29451
10948
18938
26534
29033
28089
9776
17930
22126
12889
8318
5325
28251
9781
14664
30614
8137
24781
2077
19848
7138
8949
3468
3013
24272
9597
22329
8496
5238
15120
10800
18296
13662
18781
10104
25938
28659
23925
7916
26117
12785
24436
1094
10796
26137
10596
14973
30135
14889
1374
10577
32564
267
22258
20771
1101
1357
29642
20747
1937
24529
28553
4901
7031
9926
24313
4907
24223
2262
22118
29513
3420
10401
10053
21292
19568
19563
8474
7517
4374
13841
22936
16077
19014
14146
16393
31921
12084
21995
32752
23695
22298
5363
30445
21145
32311
13609
16866
10811
7191
635
9556
23792
12054
360
21780
19289
24864
4280
24350
3216
27066
21354
15809
18362
20806
30446
21760
19419
31106
10644
24377
23023
3923
21829
3332
21814
18881
29297
23646
19919
6722
1864
27399
6536
12859
10029
18472
28405
452
1639
2361
14015
5036
30234
9762
1855
27324
23670
24736
32331
17472
32047
15083
27984
25540
9773
16790
2977
19484
5252
11446
8975
2471
9638
7238
27322
29140
10456
29642
1063
31716
25826
6451
20114
5874
9739
6915
1157
8497
26692
433
22441
25718
29092
20559
32477
15350
28948
30826
27269
18256
30028
17714
4900
20174
20478
474
5678
15591
14672
24386
5399
20745
18320
23764
2736
28566
3875
14508
2739
13101
32447
11003
8092
9002
19419
28845
15035
13168
867
26953
27272
29030
4783
19481
19254
575
23734
14476
25995
22143
12159
9688
28654
14010
11737
30179
9666
3487
332
12132
10482
4918
26703
9029
8653
15718
29883
333
4373
6586
3712
8187
2130
29797
3735
31669
15468
28803
1592
12578
9849
30113
1612
30420
9940
5760
31525
23082
24175
21782
28781
17268
12906
26582
20828
1369
11748
25649
31022
31606
13841
29277
10197
31816
17548
28245
12011
8780
7151
6689
27370
12388
10914
17751
23711
5501
4080
3554
30428
21359
30560
7682
29806
19748
15938
2964
19022
16381
6024
15508
2588
27761
8663
29920
18632
12792
9182
28990
23955
8743
25319
13217
3382
20252
18347
25768
30048
22812
17771
28264
19558
32635
14140
13419
18742
14524
10147
3320
18318
5626
13921
24469
31851
30087
4240
3275
20163
18642
12015
809
10358
29070
20091
9612
21379
31248
22335
26269
14199
11513
9580
15770
2860
20502
26796
22618
20143
1668
3508
11915
8578
7704
26136
23103
18692
19453
612
22951
31533
7327
29288
7709
16766
6856
24531
3176
2104
29193
14084
21052
11725
4188
21020
13569
9876
2823
23128
15829
2240
19140
21406
26324
5267
17182
1621
11671
3279
14622
15226
12026
29550
23847
32496
12323
32402
15391
23576
14528
22975
19407
18594
8847
1864
5773
12707
16932
30215
18968
24295
3303
8017
11715
8328
24668
16681
17366
31423
20135
2228
6705
17403
5199
16622
3634
26928
6978
22938
2009
19570
12057
23167
28714
29122
18078
5841
26323
28200
1675
13550
31503
19714
24981
24139
27594
24475
31145
11181
13062
11007
9846
8604
24701
26638
17707
20756
1928
18896
13698
28799
17471
32264
10237
224
7138
7180
8559
21329
15480
30163
22463
687
24501
32592
19433
13716
21793
16382
17733
15493
30583
701
4620
24685
4427
14300
12568
30026
29936
15735
18667
1319
19353
515
4083
10058
24510
13607
2573
22446
26306
31437
16199
25268
3538
21626
20458
14613
19984
13530
2488
16411
19441
29088
25202
29201
17891
1933
31645
25336
22068
25805
4998
32123
3119
11658
1924
3109
8328
11964
19325
25298
18682
29502
31403
15459
28462
12071
26016
8374
20191
30039
16776
26326
16188
27472
23727
10094
11149
28488
31811
13188
32538
25724
18266
25443
2120
6598
25398
20953
5894
32370
9416
22435
23143
6478
31604
23334
16784
30208
30996
18528
25557
31900
6975
17693
13343
26486
14795
30062
913
19253
16016
25687
5995
25897
2671
25800
22062
9183
11156
32462
20481
7666
18679
15627
9811
27427
26409
28260
5826
5036
27213
12281
11579
2514
31076
21338
24931
25018
9935
29944
9014
15229
526
22233
6894
4990
30414
21392
8231
27900
7459
32109
11328
2787
24338
15857
19460
10984
5970
2436
21642
30420
3411
31594
24409
8224
29312
28148
20944
22979
17602
25331
29638
9288
14917
20594
22893
8227
6782
9637
9340
23109
10349
7196
24717
18158
543
10556
32451
24259
6520
9200
13489
4640
10799
29340
17015
1711
20762
21843
25646
21306
10412
8265
29319
11709
3772
31371
30382
16320
30599
29933
13685
5347
29177
3396
30126
22459
16680
29142
1496
20700
12066
6415
17663
23607
31976
374
13021
18599
5050
11743
19269
21958
23445
12769
12482
17413
23291
25226
27259
11004
1010
32594
14681
2558
21071
26446
18540
18161
7988
11942
15499
3932
19928
10313
26427
20418
13702
14303
8403
13615
27881
0
3549
27920
23174
16547
21438
5959
11914
31193
154
7807
10694
9915
10866
27325
22008
9376
2447
8760
4940
6804
4644
27755
7970
29958
20783
27496
30738
18881
4256
24431
17197
14366
1725
10431
5766
6519
5317
7084
19698
5598
22739
23282
18187
28943
5894
11337
15739
9124
15839
31546
2167
5256
2538
32304
137
1710
3233
12754
23699
3843
6797
7824
12561
9889
25774
7292
29854
11589
16669
2396
11706
28675
26352
9469
11722
2104
8542
1994
32096
9921
15908
26524
23997
8042
15142
7892
916
18601
30554
10664
28433
909
27362
3514
1306
32753
10872
24559
19925
4341
14863
23678
31850
9647
29367
17735
9226
14877
32706
31335
15920
21598
14117
265
26150
25122
20769
27774
28108
2656
17186
23953
12181
18247
16871
3092
16850
23670
12003
3775
28467
32111
29923
21819
6282
14409
6130
2169
25555
30886
31865
17736
23666
14053
10667
25895
26811
10137
2848
18775
14519
32569
30144
23605
4645
7705
29667
15559
7616
14488
7351
18581
6592
20379
31457
30650
5539
3387
18023
16186
6957
22971
30157
28054
26798
15549
27262
13726
8323
24245
15470
23431
4575
16029
26878
14397
32460
28651
26912
1786
876
29888
29371
12568
645
2146
26961
3108
15164
28140
16863
15923
27681
5956
24068
15481
10092
14414
8806
6167
15494
6751
19538
3381
23244
17397
19106
2129
20879
18597
7652
5590
4447
21844
952
28657
21129
19626
29050
7840
1246
1988
8737
24076
27830
3881
15207
16152
4405
24576
20011
13882
24525
4480
13843
3210
10500
28327
7285
26392
23160
22575
8824
22659
6688
702
30326
12487
9940
25949
22693
32599
8720
27691
21239
31596
9973
17234
10302
18076
21136
20027
16020
15790
8543
7934
2298
19373
17937
541
13375
29499
23950
29297
6948
552
9271
2404
17853
9027
4207
16225
30746
17008
30298
4233
5159
30459
6372
22952
21201
26668
19462
359
6250
24604
3141
16835
26703
198
12155
9661
15304
20321
4825
3923
16431
2542
27181
22960
16469
31501
5217
27552
15649
16404
6468
20038
31098
13666
13454
7185
32103
31985
4638
23532
21621
21291
8069
7349
2906
9727
5832
25841
12503
8755
9826
19134
24035
11004
23177
18440
2309
28620
11186
7936
10498
5227
22103
25290
27320
8009
24568
30838
32330
8723
28000
9266
16253
20612
20009
30398
15714
31102
24962
12064
25910
5721
14384
25752
21638
25723
6099
3286
5782
15656
17259
12907
20740
8092
11546
28542
9129
8535
29996
192
16320
14521
23124
1186
31306
5582
32568
15045
23985
32107
10544
22449
32427
23162
23627
16587
6241
31122
30868
17537
13265
8907
15507
8904
24176
1488
20758
31176
13332
11317
16945
27349
16402
26123
2435
2978
31139
25778
3515
30641
24461
30703
15195
5646
30463
8510
6844
26429
12732
29034
1874
28529
32635
25690
27698
4351
3726
12078
10705
27409
32707
13451
2319
4255
4488
4914
24436
11163
1618
728
18617
24684
19007
29490
6538
1438
7162
8527
28554
984
15583
5930
664
29198
27743
18816
6993
16887
12966
18399
21205
4290
15996
13056
32718
28677
23145
27990
29871
15094
15645
14823
29498
19421
14606
15707
31045
9673
3939
5458
19133
26242
27153
31227
23787
5312
16708
7651
1782
7834
12288
16394
7082
7233
31752
9276
20599
10990
21759
26014
5565
29721
3789
22408
17479
13548
23364
26770
17429
23031
18180
15346
4190
805
32155
27909
15573
1007
6385
12587
24620
13263
32740
19416
2006
8952
6191
2280
6418
1860
20368
12595
17189
30062
16426
11618
26342
14977
29736
19201
6016
27024
3235
22485
6260
29096
20421
1903
31965
20483
25135
22273
19448
12926
12185
25457
20195
7757
18104
26028
27557
28398
11365
18749
12655
16731
27131
4382
31266
8068
23297
32461
17680
32764
32265
12195
12039
28147
19671
9314
11148
28004
24518
26381
25444
28559
24680
17148
23641
27562
3949
17199
20026
28628
25030
27363
18724
15946
30986
23651
4352
19165
31512
25121
21069
11428
3326
3589
5152
22510
29977
25349
2920
13434
10366
15606
13175
25579
18329
27297
20414
19574
19988
11802
15064
15326
31226
5965
9931
13986
11805
27866
12938
18293
21429
5923
30910
25326
32585
16802
31685
13185
23763
9857
4859
25006
10015
14436
15673
11384
11892
7818
31900
26137
12918
14100
8072
10484
4939
5028
6892
22731
7677
9258
22983
17458
30751
1019
9707
31299
28340
7460
3585
10388
11340
5629
27853
5478
6768
15617
30131
2591
29248
26332
27258
16891
16475
29382
24145
12542
24575
26896
10767
14125
12658
26620
30143
5117
4000
21202
31580
11788
18693
30512
26329
783
8141
7330
30564
21515
5434
12914
17900
25033
1095
4034
21729
19844
20363
31191
19771
29156
9823
25784
3261
18480
9539
8696
27003
11711
21886
29136
20122
7599
20485
10865
5719
13018
1950
27031
17738
1542
32325
1122
2796
15452
27087
10594
11096
23068
3021
26864
13902
11662
16563
6085
12157
26172
2618
16325
3074
11358
6402
4892
10540
19606
6524
5516
8322
19421
18439
28677
7431
30653
4185
8823
5564
18114
15393
2020
4455
7467
29930
24761
22419
18916
7491
22366
13016
20409
17693
13068
10332
20164
15732
11487
18586
8743
3890
6956
32098
1537
22864
26388
31009
22938
23102
89
11107
20961
10373
17265
24214
12313
24235
1497
25361
20687
15958
15532
27477
9999
3765
29044
32146
30679
14876
31040
7789
27084
28398
8695
6400
15660
18368
18923
2082
16388
16059
5553
1257
21155
28738
14385
7790
4174
28885
249
32464
28725
14902
9431
24956
29350
29642
29862
16043
11905
6721
30312
20524
21228
19066
5269
21347
28999
13216
22451
11410
9059
29850
24103
20311
25070
26786
1611
4214
7986
10035
32448
17625
31232
15145
12550
20949
7398
21796
14921
4783
7592
32045
26238
14175
28910
1948
25007
147
17979
20792
5011
31991
24606
1697
22882
11188
15532
31467
4583
10294
8749
20876
12247
17203
25622
32632
18017
11497
29752
26506
17414
5287
5174
5670
20395
24974
15164
24605
31725
26777
1006
26832
17588
17371
13983
21401
2827
12040
17348
9318
815
3383
17064
5031
18661
31718
18529
22891
3601
5951
11010
13253
6021
21402
1298
11381
31767
4162
3389
25028
23030
18300
5706
22192
30270
32709
19277
3657
31433
25180
31774
30299
17993
6912
3593
25933
659
25851
25799
12105
30014
26975
22445
5790
15981
21136
1828
7010
31209
14594
9817
28251
30323
19780
3382
2848
30552
25406
9872
15739
13381
17079
3746
5650
2909
24858
30138
4678
6537
26745
6962
31580
11535
12242
29858
16602
18023
2193
21844
21044
6986
1367
10744
15272
20491
7674
7321
2663
23338
21709
13520
15349
18215
16673
18488
15570
18068
8971
20257
14938
20078
25704
29065
19434
10925
11039
24648
14148
16666
24742
20106
21557
30305
21192
8066
21365
26983
20901
7261
27854
30941
28410
18037
14464
18198
17058
6600
14309
12309
22621
21416
20817
26091
10961
4532
17212
10048
20430
23814
21155
17455
14806
30126
14507
25943
13021
29279
5000
18734
29773
2153
24221
27545
77
4071
13796
19386
8259
6202
26769
17417
11415
8374
7922
10407
443
18842
6042
8175
18024
4422
16318
26957
26410
29096
10975
1619
27422
29176
11689
31241
1530
165
8220
4741
2895
10639
2793
28860
9995
31862
17439
17048
32578
14258
16134
25419
9006
2853
4939
21986
27508
1903
32606
19997
12200
3424
27161
15230
29972
20915
10146
2720
31413
18681
1426
4298
18055
4051
25175
21956
6147
9060
21463
12265
25573
32262
8533
26238
15666
27708
5273
20034
20346
11753
26187
5190
20058
14271
18849
11007
32326
10489
23354
3482
14981
18765
30537
19855
7293
8988
15093
7801
10289
3565
13568
21541
8712
15641
2471
1769
29136
9927
3530
21047
14082
22299
7501
24945
29256
939
12478
16127
26684
29491
30264
6560
8563
3465
29063
29693
11194
10195
26508
29316
159
24823
6371
15219
13620
8787
4036
7475
22287
6319
1319
28392
6805
14703
8492
24390
15993
10253
6841
9638
18559
4039
31333
18777
32646
17813
1173
29500
18117
18014
3812
32140
15957
25963
17609
13820
19695
16156
8052
1541
30456
17370
5368
30078
9914
28492
17071
15212
18933
32718
5850
20763
26774
16927
15753
15214
6342
17753
21691
32371
29734
2855
11205
28474
29273
2098
4600
22504
19652
2268
30846
8711
20369
20017
27525
31520
15354
30490
9888
10124
8132
2516
18537
30599
17929
12705
26988
4742
9531
1214
6720
3275
28262
26260
3319
31542
8629
23090
28089
31070
19512
22779
11947
21984
21220
412
19221
22775
28380
13122
17861
22861
16111
26889
26286
4881
4705
27063
31701
30026
20718
8106
8558
22891
9228
11535
21825
22823
17777
4181
22867
13958
5845
27873
10691
2617
26361
19460
2546
11307
2024
27178
27878
2648
6780
25684
15601
25058
13093
22984
18061
3681
15334
22022
19083
25467
14240
5887
31597
17590
19091
898
27152
28553
11298
26103
9614
11193
26070
16207
4706
21987
934
17979
15565
30804
6518
26268
10873
26145
16861
21819
28509
3189
31275
3003
2528
28197
32683
16588
19009
32138
4645
12449
18742
18575
16295
18851
12755
11017
7557
4455
25262
31559
4767
21981
10817
25834
5858
32459
8847
26103
3090
4986
28683
8747
5062
18608
26549
143
1716
10973
24710
18252
28974
14489
13326
10687
14573
334
12892
31952
20494
7218
3358
1408
6490
2937
32265
5570
25034
24520
11387
27532
4938
12268
5727
1581
1214
14540
82
26081
2883
14748
12547
27043
12471
24660
31712
16194
13179
23137
24303
6583
13175
23962
14329
8630
12383
15733
21742
21635
15669
24699
25477
17671
3344
10745
1059
29475
15643
11257
1022
11588
32736
13680
642
12344
3527
4281
1524
31040
32473
1602
17237
32358
29130
30598
7561
16656
9271
9787
8120
28374
24620
31692
30453
1169
25321
25865
12061
10164
8422
5662
14082
10720
2836
19137
28617
27314
14694
22192
19345
3040
7824
6747
16214
11140
10511
12253
3092
6327
30057
25649
9007
13922
30134
20643
10770
81
12895
10372
24854
26249
2086
3874
29094
29404
1894
2552
26530
27834
22684
25377
23040
28490
18983
4115
1721
9657
27468
28809
26083
8659
22653
31169
30746
208
7387
8680
21541
21104
19705
8147
14295
30282
16099
21231
8242
25440
863
26491
11475
3576
1138
2804
21130
24487
27942
17617
8520
30127
16011
18289
8510
6539
13820
19794
2883
10183
26787
22147
24694
22805
14400
23132
9509
8606
1317
16748
17134
6806
16773
15283
22052
10771
18927
18193
27253
23839
10006
31231
27337
10251
7379
26237
18540
263
10861
10571
7536
2288
24599
31068
20045
13929
11706
19336
28363
14125
3829
24193
28194
31652
14435
17160
20063
8372
10780
13409
27401
11225
19326
21764
4869
19832
29741
9109
31159
7536
1624
15382
17258
1523
32318
14684
12530
20628
6897
19135
11919
2464
1114
21014
18965
11698
4734
7651
21578
21890
6655
5066
12688
21502
25062
24392
7620
31388
9887
30881
26469
30702
20037
6170
26105
1143
12833
26985
12204
20925
8557
4970
21051
28575
349
26643
4880
7145
11872
20650
31407
12326
675
18997
12112
8629
9686
1587
25293
18463
2612
905
22463
23976
15037
13247
16868
28196
24262
108
1477
10252
5812
17647
7061
17361
5637
4192
6491
30064
7824
17351
10324
7239
16653
24715
27026
9511
1751
6957
3562
21162
26865
1589
9485
24519
14407
26989
26613
12451
23351
6478
643
1450
1104
25272
8294
25823
18010
24294
16702
11632
10646
17312
6145
2446
9799
946
31134
12923
10352
21406
7905
15077
224
26254
15767
21362
26476
30604
15602
15772
29308
29429
2351
24767
10185
21547
19061
13680
2660
2955
769
31505
18939
159
22656
27554
30552
1172
3260
25050
25130
18670
27003
9591
1032
11898
9124
20946
7347
132
31140
2742
25499
28747
4368
29554
29349
25778
22412
7213
20012
29240
27371
22906
11846
3882
19608
14893
27976
22552
25652
3948
16268
30853
5504
15113
6257
3042
28030
14351
24740
2750
10963
4506
24990
6199
9584
15340
2670
17332
22897
958
29113
4822
6469
2004
14591
26539
11024
28884
13599
5925
21837
23384
30
17355
7864
10306
22564
20655
17771
10064
28615
160
12615
20464
5004
5536
26005
31829
18603
1177
13805
23242
18707
4427
16983
2374
174
26249
32433
3905
28646
32421
18769
10695
5992
28713
21739
7627
20776
29383
27060
1213
15013
12435
16839
18271
5230
14192
1224
15060
15077
7880
9928
5113
7235
13697
11881
9465
20444
19500
9795
6428
12965
28543
15750
8928
11507
9989
23520
20555
1413
3092
11425
31103
26053
19712
25885
32143
29515
28814
19025
16785
8867
28075
14794
9717
10064
27486
14787
26133
9488
15612
21646
5644
1634
28315
17205
13004
7238
30152
11104
30827
27460
23165
29817
29374
18863
27725
30735
31785
13099
22498
4472
7861
30061
12457
20667
2915
6722
17100
21677
7105
13011
16737
4185
4538
26663
9441
32677
2482
29929
19931
3891
21203
27756
16361
15238
8609
29420
2276
11110
20693
19223
10324
18821
9320
23755
2858
8546
17134
6434
28594
878
22821
24492
17859
13422
7118
18683
24377
11296
7099
31333
1188
10017
8234
26373
16962
4110
31569
8707
299
1001
3386
9749
16588
30143
26833
13894
1174
13704
20284
15351
18935
24143
30058
17955
6794
28563
18415
3559
3723
5612
8463
9281
21389
26354
9496
11544
2927
5210
14582
19324
6028
23138
18177
9008
9266
11632
17945
4965
2134
27381
14069
3785
19845
4504
3000
13504
29726
17553
11717
4081
18367
7762
5589
7685
22525
5741
10823
1195
26968
32434
22455
6112
29293
23447
6097
5485
31086
7134
23143
14769
26064
29553
1218
4512
6723
23953
31542
11788
27367
2607
26873
7204
17341
15002
14902
18234
4956
20827
31836
10185
19941
6493
6332
25526
7224
2130
7507
17366
2920
81
2020
8881
20589
21700
18251
14469
29721
5761
26381
26766
31566
27447
6451
29573
24429
29708
4697
13159
27409
1924
27650
17527
20222
17061
302
16262
852
13657
31023
26994
18697
11795
29880
31725
24469
26805
4407
27519
17135
9394
13924
20174
1465
26223
25114
19230
7095
26608
26215
10772
10374
31920
19935
31935
9867
27856
23093
28633
31273
2932
20748
13641
17719
3179
2826
9965
3761
23822
31022
1687
4781
1130
5220
32597
20113
20129
27479
19446
7556
18317
17031
9929
31010
18599
31387
26280
12916
7719
12536
27957
14111
1901
20114
19044
14043
5792
30978
14650
15655
13205
6618
22996
4924
17906
28725
19626
32319
19091
24722
4885
11706
22572
30434
22799
28237
22320
20191
3130
29857
28914
22176
25637
21662
31243
8042
16330
30942
23547
12490
31835
11873
16915
4576
10558
6274
3474
31998
15702
8489
21774
29042
12676
14659
29461
6047
9325
32111
26645
11091
27518
4858
4985
24660
13614
20750
2069
30012
8323
2598
32708
26759
28120
2501
12879
1003
11485
6760
5009
12776
3039
10169
15577
20895
11338
20741
1424
31975
8300
32752
3868
29854
30331
22376
18435
10045
29914
3799
10836
1455
27544
3485
14659
6756
16186
23229
531
5793
4282
13526
9273
18970
9935
26198
9406
14530
31855
10730
4325
17122
6290
13113
13326
4968
4922
12241
25818
18562
27568
21601
11664
2668
5136
18986
21439
1159
22023
4272
805
29866
29916
10165
8144
17596
12461
5479
899
25219
3836
7385
10843
18871
3178
14512
4786
29787
7105
11807
21572
9549
5688
19477
12944
16667
243
10932
11906
10520
19402
32518
23374
19631
27979
22251
31391
25848
2
20822
9201
3721
17656
9913
31547
13711
12153
5566
15058
2077
24090
2104
5258
25283
9467
1113
11806
27491
3402
15909
15570
20032
28168
23846
1110
20824
528
19042
15598
12788
8021
6794
9424
125
29547
26740
16589
28305
26953
13259
4148
17238
7245
6150
14324
27150
31872
28566
26880
20204
2076
14180
1528
32294
15947
18042
19461
14668
12082
11776
773
30424
19758
21867
30952
6
25437
9969
19545
8422
21857
24640
19105
7855
3168
23407
25801
26710
13647
25653
32767
13663
13425
27993
9532
1780
29210
14953
21539
16180
25785
20911
32043
17101
31765
19041
26368
22733
20951
19224
807
15541
17225
19587
30177
5839
22621
29789
21843
20162
7153
7324
25571
27748
18769
23276
18917
31439
29438
7259
4727
8631
1710
10582
28585
26875
21139
9684
2530
23161
28640
25041
24191
30247
13962
3582
29116
11360
7755
10423
22488
21115
12525
14133
22900
17826
29125
7941
14141
12257
24190
13240
20682
9086
27928
19677
12999
137
11055
30764
20564
22707
25217
7172
27560
17764
26283
7704
29178
25607
28723
25189
20129
27817
10443
13927
31098
5826
19668
31884
17546
16466
1570
11241
11492
2864
25599
30763
13005
25759
5234
13777
32031
11043
17089
20121
19435
26259
16180
23096
32354
18030
21532
12110
12278
23154
27668
153
12476
14699
28039
23145
23829
2634
28530
5204
6285
9078
11115
2858
28675
13415
20707
14124
9995
11632
7592
29304
13456
23004
24493
968
29374
24637
17422
16732
1566
7425
5967
24629
16387
2886
23269
17284
38
12272
21495
24674
22925
15096
30565
2497
32433
21254
22282
14499
14559
16195
29758
9354
28383
25448
7071
16431
32468
16924
11794
28278
28515
31100
31492
930
15383
28155
4086
26309
16644
5996
8504
26491
2475
9309
28660
7128
1822
26535
20847
23199
29029
17475
15244
9653
22559
2911
31378
6357
9836
177
29742
12420
7691
30988
7100
32072
3520
18225
31682
5909
18169
27367
30909
25864
5808
13902
12577
3416
17811
23920
7835
8585
25443
9241
23705
23266
24986
7657
14348
31522
16720
13479
27756
9583
22623
26840
12797
17295
29126
144
338
19290
19787
6281
12303
30831
16997
19314
19187
20007
2648
25481
20757
30151
30114
19052
13421
19706
4246
11052
17303
14462
31559
31396
24788
3869
30887
23049
10834
12511
30960
1986
30637
7806
9027
21113
20661
9498
8847
17010
16754
29230
14773
27931
12133
9155
25322
9957
5137
10467
32348
1875
16570
1617
21528
29520
3949
21367
27947
8646
9536
928
2055
20076
10715
20327
11305
3808
6199
21103
8441
32245
3238
12629
19442
12622
13332
23523
14850
11564
16524
16263
22580
19076
1790
32259
8076
17237
10815
31845
14386
22840
30545
24122
22484
19001
22245
16639
24389
2021
30750
19416
31594
25764
6296
26501
19798
11081
3497
12945
23988
21736
29414
1484
24421
20711
8681
7420
1387
4952
22354
14288
28678
23942
10508
18197
29980
29902
12754
31276
18398
15281
5617
16572
17321
24871
17743
5284
24106
6709
7852
8244
1222
6593
22568
5276
26937
15014
20741
17572
381
4100
12463
22430
16109
20441
30457
10393
16554
19414
25002
9688
1342
27755
19256
17539
24447
25125
26323
23707
12982
313
32165
307
14849
31585
4441
10462
24310
27622
2010
14948
25481
27134
17501
20921
25392
5465
20897
20783
28485
20727
373
4842
19115
8252
9596
20116
2228
23110
17709
1875
4930
10110
29981
5624
23597
32109
13185
9082
15845
3282
28142
10146
20313
22001
5220
16391
12055
22317
23947
29501
2484
2521
8252
13386
24430
8524
26179
14937
19728
16435
7268
179
23574
6188
924
746
7698
10128
18344
2391
5966
2447
24268
6599
15539
3203
5837
24690
2281
638
29503
9517
27840
37
16647
8416
7887
32194
792
18233
3675
3732
7296
22690
32122
8810
23464
20593
1655
1392
19159
863
4217
4680
27129
572
30560
19036
13727
5345
27376
18547
8006
24933
18737
16771
23260
5012
30741
1990
9600
6300
604
17424
27018
17162
31669
22880
25547
27381
28710
9909
11798
24185
25261
6947
21246
13928
7976
20517
20194
25403
25458
7733
8743
1615
9167
24474
22725
27470
28298
21890
11013
13802
13020
25424
7049
6098
28432
5175
13964
8926
2533
7944
22123
2957
23348
23624
4452
28594
10194
25222
13470
30058
5304
15595
28778
22097
21857
28691
6601
10998
6516
16667
9518
2700
32163
29436
16005
21218
979
28183
8819
11413
22141
1553
7392
8068
23380
20960
20659
19332
22824
18982
11484
6485
13578
8638
12952
30677
2737
3221
28912
31092
9244
26812
22915
26088
5241
32187
21126
5154
31302
17959
10761
8320
11446
30583
20092
21316
22614
15379
28785
19269
20208
21422
29092
16612
3759
3542
17720
30018
17541
21193
9539
8624
19914
11915
16781
31591
32038
4661
19349
8058
9904
16272
981
31496
14167
4834
11335
950
23426
7944
1064
21596
30963
20421
12540
511
32753
1626
14546
15616
22438
25687
29129
4754
27078
14512
2771
25201
4465
17171
4537
23762
29019
16761
6752
7317
29994
31740
27466
12738
543
17128
21343
12339
6905
4884
3310
5774
31510
21619
20975
8567
27868
26342
1419
24323
24407
29012
5854
5743
32547
9981
251
22546
22157
30475
3120
18832
14581
23146
13452
593
32119
13274
22943
3121
19658
30275
7041
23673
1639
1352
2326
22799
238
1054
911
15849
10694
1695
31540
30407
18436
22682
26977
16674
26255
20334
11215
10847
10625
22999
9493
15945
4816
16903
18031
31166
31277
22009
26301
21928
15404
27138
2767
32304
25766
27049
735
2606
22620
27320
351
18147
16860
30355
3830
27626
17833
32201
32709
19308
16790
10729
19950
21140
7027
407
32087
28226
