0
0
2
2
6
17
30
36
37
37
37
38
39
45
62
64
69
77
81
81
82
87
89
89
91
107
108
114
114
120
125
132
132
137
137
142
143
144
145
147
147
153
153
154
154
159
159
160
160
162
163
165
168
171
174
177
179
184
188
188
190
192
193
198
199
201
208
212
213
215
219
220
223
224
224
224
228
230
236
237
238
243
247
249
251
254
256
260
263
265
267
267
267
269
272
277
281
281
295
298
299
302
302
307
313
324
328
328
332
333
333
334
336
338
338
339
345
347
348
349
351
359
359
360
367
367
373
374
375
378
381
382
387
390
394
399
403
404
407
412
413
414
417
433
437
443
448
450
451
452
453
466
474
484
497
500
511
511
515
518
520
526
528
529
531
532
540
541
543
543
552
556
569
572
572
572
575
586
593
604
612
632
634
635
638
642
643
645
647
653
659
661
664
666
670
675
675
676
683
687
701
702
709
711
713
719
727
727
728
735
738
746
761
762
763
764
769
773
779
783
792
801
803
805
805
807
809
812
815
817
822
826
827
832
833
835
845
845
849
851
852
855
857
858
859
860
863
863
864
867
868
876
878
881
887
894
895
898
898
899
902
905
906
909
909
911
913
916
921
923
924
926
928
928
930
930
934
938
939
945
946
950
951
951
951
952
952
957
958
968
979
980
981
981
984
988
991
1001
1003
1006
1007
1010
1010
1013
1019
1020
1022
1024
1024
1026
1029
1030
1032
1035
1036
1038
1045
1054
1055
1059
1060
1062
1063
1064
1076
1078
1087
1092
1094
1095
1096
1098
1101
1104
1106
1110
1112
1113
1114
1122
1126
1129
1130
1137
1138
1143
1151
1157
1158
1159
1161
1169
1170
1172
1172
1173
1174
1177
1182
1186
1188
1191
1195
1198
1200
1206
1213
1214
1214
1218
1222
1224
1246
1246
1249
1249
1250
1251
1257
1260
1268
1270
1277
1278
1283
1291
1294
1296
1297
1298
1298
1303
1304
1305
1306
1314
1315
1317
1319
1319
1325
1339
1340
1342
1343
1352
1357
1363
1363
1366
1367
1369
1371
1374
1387
1392
1395
1408
1412
1413
1419
1419
1424
1426
1428
1430
1438
1438
1440
1450
1455
1458
1465
1468
1470
1470
1474
1477
1484
1488
1490
1496
1497
1498
1511
1513
1523
1524
1524
1528
1530
1532
1537
1538
1539
1541
1542
1545
1553
1557
1558
1558
1563
1566
1570
1572
1581
1585
1587
1589
1592
1596
1597
1599
1602
1604
1605
1611
1612
1613
1614
1614
1615
1617
1617
1618
1619
1621
1623
1624
1626
1629
1634
1634
1639
1639
1647
1655
1660
1668
1675
1687
1695
1697
1700
1707
1710
1710
1711
1716
1718
1719
1721
1725
1725
1734
1738
1740
1751
1751
1753
1760
1764
1766
1766
1769
1780
1782
1785
1786
1790
1794
1795
1797
1822
1828
1830
1836
1836
1845
1848
1851
1854
1855
1860
1864
1864
1865
1868
1874
1875
1875
1887
1892
1894
1894
1901
1903
1903
1905
1905
1907
1911
1913
1916
1924
1924
1925
1928
1933
1937
1946
1948
1950
1951
1952
1966
1970
1973
1974
1976
1978
1982
1984
1985
1986
1988
1988
1989
1990
1990
1994
1995
1996
2004
2005
2006
2009
2010
2011
2012
2013
2020
2020
2020
2021
2021
2024
2032
2037
2043
2047
2055
2064
2069
2076
2077
2077
2077
2079
2080
2082
2086
2086
2098
2104
2104
2104
2106
2109
2120
2122
2129
2130
2130
2134
2146
2152
2152
2153
2153
2162
2165
2167
2169
2177
2184
2189
2191
2192
2193
2215
2220
2228
2228
2228
2234
2239
2240
2245
2259
2262
2268
2270
2274
2276
2276
2280
2281
2285
2288
2288
2293
2295
2298
2303
2309
2319
2321
2321
2326
2329
2350
2351
2355
2355
2361
2368
2370
2374
2382
2387
2387
2391
2396
2404
2407
2409
2412
2413
2431
2432
2433
2435
2436
2442
2446
2447
2447
2448
2464
2464
2471
2471
2473
2475
2479
2482
2484
2486
2488
2489
2489
2491
2493
2496
2497
2501
2507
2507
2514
2514
2516
2517
2518
2518
2520
2521
2521
2524
2528
2530
2533
2534
2538
2539
2542
2546
2546
2552
2558
2559
2563
2569
2573
2588
2591
2592
2598
2603
2605
2606
2607
2610
2612
2613
2614
2617
2618
2618
2627
2629
2634
2635
2648
2648
2651
2656
2660
2663
2668
2670
2671
2678
2678
2679
2688
2694
2698
2700
2711
2714
2717
2718
2720
2727
2736
2737
2739
2742
2745
2750
2757
2761
2767
2767
2769
2771
2781
2787
2793
2795
2796
2796
2798
2799
2804
2805
2815
2823
2825
2826
2827
2830
2831
2836
2839
2846
2848
2848
2850
2853
2855
2855
2858
2858
2860
2862
2864
2865
2867
2874
2874
2879
2881
2883
2883
2886
2889
2890
2895
2898
2902
2902
2903
2906
2909
2910
2911
2913
2915
2919
2920
2920
2927
2931
2932
2933
2937
2945
2951
2952
2952
2955
2956
2957
2963
2964
2964
2972
2977
2978
2991
2994
3000
3001
3003
3009
3011
3012
3013
3013
3020
3021
3037
3039
3039
3040
3042
3050
3053
3053
3065
3069
3070
3071
3074
3077
3078
3079
3090
3092
3092
3092
3093
3094
3095
3105
3108
3109
3115
3119
3120
3121
3121
3128
3130
3130
3130
3135
3137
3140
3141
3161
3168
3172
3175
3175
3176
3177
3178
3179
3180
3184
3189
3197
3197
3203
3210
3215
3216
3220
3221
3228
3231
3231
3233
3235
3238
3255
3260
3261
3266
3269
3275
3275
3277
3278
3279
3282
3286
3288
3296
3297
3303
3306
3310
3311
3318
3319
3319
3320
3323
3326
3326
3327
3331
3332
3337
3343
3344
3350
3355
3358
3360
3372
3373
3377
3380
3381
3382
3382
3383
3385
3386
3387
3389
3394
3396
3398
3402
3411
3413
3416
3420
3420
3424
3427
3433
3449
3451
3452
3454
3454
3454
3461
3464
3465
3465
3468
3471
3474
3474
3478
3478
3478
3482
3484
3485
3486
3487
3497
3497
3508
3514
3515
3516
3520
3521
3527
3530
3530
3538
3542
3549
3554
3559
3559
3561
3562
3562
3565
3569
3573
3574
3575
3575
3576
3582
3585
3589
3593
3599
3601
3602
3604
3609
3615
3616
3618
3621
3627
3634
3634
3647
3657
3671
3672
3675
3681
3682
3682
3689
3695
3697
3699
3703
3707
3712
3721
3723
3726
3728
3728
3729
3732
3735
3736
3741
3746
3746
3755
3759
3761
3761
3765
3766
3771
3771
3772
3773
3774
3775
3778
3785
3789
3797
3799
3808
3809
3810
3811
3812
3812
3821
3822
3824
3828
3829
3830
3835
3836
3838
3843
3843
3847
3854
3863
3866
3866
3868
3869
3871
3871
3874
3875
3881
3882
3884
3890
3891
3905
3908
3913
3921
3923
3923
3925
3929
3932
3937
3939
3941
3945
3948
3949
3949
3953
3955
3957
3961
3971
3977
3978
3979
3981
3986
3998
4000
4008
4013
4015
4018
4024
4034
4036
4036
4038
4039
4044
4044
4044
4051
4051
4053
4056
4066
4066
4068
4069
4071
4077
4080
4081
4083
4086
4089
4094
4096
4100
4105
4105
4108
4110
4115
4116
4117
4119
4121
4123
4135
4148
4148
4150
4152
4152
4158
4162
4163
4168
4174
4176
4178
4181
4182
4185
4185
4188
4188
4189
4190
4192
4196
4196
4199
4201
4203
4207
4214
4217
4223
4225
4229
4233
4234
4240
4241
4246
4253
4255
4256
4272
4276
4280
4281
4282
4290
4297
4297
4298
4302
4303
4305
4310
4313
4313
4314
4318
4324
4324
4325
4325
4340
4341
4350
4351
4352
4360
4362
4365
4366
4368
4368
4373
4374
4382
4382
4385
4385
4393
4399
4405
4407
4407
4422
4427
4427
4427
4427
4431
4435
4441
4447
4448
4452
4455
4455
4462
4465
4469
4472
4475
4478
4480
4480
4488
4488
4489
4492
4503
4504
4506
4512
4522
4523
4525
4530
4532
4537
4538
4538
4541
4546
4563
4564
4575
4576
4581
4582
4583
4585
4590
4600
4606
4609
4610
4614
4620
4626
4628
4635
4638
4640
4642
4644
4645
4645
4649
4661
4661
4664
4670
4678
4680
4681
4683
4691
4694
4696
4697
4702
4705
4706
4707
4707
4711
4724
4725
4727
4734
4736
4741
4742
4750
4750
4754
4758
4761
4767
4776
4777
4781
4783
4783
4786
4787
4806
4814
4816
4821
4822
4825
4825
4834
4835
4836
4842
4847
4849
4856
4857
4858
4858
4859
4864
4868
4869
4874
4874
4874
4875
4880
4881
4882
4883
4884
4885
4889
4891
4892
4893
4893
4899
4900
4901
4905
4907
4911
4914
4918
4921
4922
4924
4930
4931
4938
4939
4939
4940
4951
4952
4955
4956
4964
4965
4968
4970
4972
4974
4977
4985
4986
4990
4990
4998
4999
5000
5004
5005
5005
5005
5009
5011
5011
5012
5020
5021
5023
5025
5027
5028
5030
5031
5036
5036
5039
5043
5045
5048
5050
5050
5050
5054
5054
5058
5062
5066
5069
5069
5075
5079
5080
5083
5094
5095
5097
5102
5113
5114
5117
5124
5125
5127
5135
5136
5137
5138
5152
5152
5154
5159
5174
5175
5182
5188
5188
5190
5192
5194
5199
5204
5209
5210
5211
5212
5217
5217
5217
5220
5220
5224
5227
5230
5230
5234
5235
5238
5238
5241
5241
5242
5244
5248
5252
5256
5256
5258
5261
5267
5269
5273
5273
5276
5279
5282
5282
5283
5284
5285
5286
5287
5293
5304
5311
5311
5312
5314
5317
5317
5318
5325
5328
5332
5339
5340
5341
5342
5345
5346
5347
5350
5351
5358
5360
5363
5368
5369
5374
5378
5382
5393
5399
5401
5402
5403
5404
5406
5408
5413
5416
5434
5458
5462
5464
5465
5478
5479
5483
5485
5489
5492
5501
5503
5504
5507
5511
5514
5515
5516
5527
5536
5539
5540
5543
5552
5553
5557
5560
5561
5564
5565
5566
5570
5573
5574
5576
5576
5582
5589
5590
5590
5597
5598
5604
5612
5617
5617
5624
5626
5629
5633
5637
5640
5644
5644
5646
5648
5650
5656
5657
5660
5662
5670
5671
5678
5680
5688
5688
5697
5703
5706
5714
5719
5721
5727
5727
5733
5735
5740
5741
5743
5745
5754
5756
5760
5761
5766
5768
5773
5774
5775
5776
5779
5782
5790
5792
5793
5808
5808
5812
5826
5826
5832
5837
5837
5838
5839
5841
5845
5847
5850
5850
5854
5856
5857
5858
5862
5862
5867
5867
5874
5877
5878
5887
5894
5894
5903
5909
5917
5919
5923
5923
5925
5930
5932
5933
5937
5946
5951
5956
5959
5963
5963
5965
5966
5967
5968
5968
5969
5970
5973
5975
5977
5990
5991
5992
5995
5995
5996
6002
6003
6007
6010
6016
6016
6018
6021
6024
6025
6028
6035
6037
6040
6042
6047
6068
6074
6076
6077
6085
6087
6093
6093
6097
6098
6099
6104
6112
6130
6145
6147
6149
6150
6167
6168
6168
6169
6170
6170
6172
6188
6191
6199
6199
6201
6202
6210
6212
6216
6217
6235
6237
6240
6241
6247
6250
6257
6259
6260
6262
6263
6274
6274
6280
6281
6282
6285
6285
6285
6290
6293
6293
6294
6296
6300
6309
6310
6311
6317
6317
6319
6320
6322
6327
6327
6330
6332
6332
6340
6340
6342
6343
6344
6346
6347
6347
6352
6352
6357
6359
6365
6367
6371
6372
6374
6378
6379
6385
6385
6393
6395
6400
6401
6402
6415
6418
6425
6425
6428
6428
6434
6442
6447
6447
6451
6451
6452
6460
6461
6464
6468
6469
6469
6469
6470
6472
6475
6476
6478
6478
6485
6490
6491
6493
6503
6516
6518
6519
6520
6520
6524
6530
6532
6534
6536
6537
6538
6539
6550
6560
6566
6568
6574
6583
6585
6586
6589
6592
6593
6597
6598
6599
6600
6600
6601
6604
6605
6607
6611
6615
6615
6616
6618
6625
6638
6640
6642
6646
6647
6655
6657
6657
6658
6659
6666
6687
6687
6687
6688
6688
6689
6697
6697
6704
6705
6709
6714
6720
6721
6722
6722
6723
6734
6742
6747
6747
6751
6752
6756
6760
6762
6768
6769
6780
6782
6790
6794
6794
6794
6795
6796
6797
6800
6804
6805
6806
6806
6810
6816
6819
6825
6831
6834
6836
6839
6841
6844
6846
6847
6851
6855
6855
6856
6866
6878
6887
6887
6890
6891
6892
6892
6894
6897
6902
6905
6912
6915
6915
6917
6923
6930
6937
6940
6947
6948
6956
6957
6957
6957
6958
6958
6962
6963
6964
6965
6974
6975
6978
6986
6993
6997
6997
7001
7003
7010
7015
7017
7019
7022
7027
7027
7027
7031
7031
7036
7040
7040
7041
7041
7043
7047
7049
7051
7051
7058
7059
7061
7062
7071
7076
7077
7080
7082
7084
7091
7091
7095
7099
7100
7105
7105
7118
7127
7128
7134
7138
7138
7138
7145
7151
7153
7154
7162
7167
7171
7172
7177
7180
7185
7185
7187
7191
7191
7193
7193
7196
7204
7206
7213
7215
7218
7218
7218
7224
7228
7233
7235
7236
7238
7238
7239
7242
7243
7245
7249
7250
7251
7252
7252
7258
7259
7260
7261
7262
7262
7264
7268
7275
7285
7289
7291
7291
7292
7293
7293
7295
7296
7296
7306
7309
7317
7317
7321
7324
7327
7330
7340
7345
7347
7349
7349
7351
7352
7352
7352
7353
7360
7360
7362
7368
7371
7371
7376
7377
7379
7384
7385
7387
7388
7392
7396
7398
7398
7399
7408
7415
7420
7423
7424
7425
7425
7430
7431
7432
7434
7438
7440
7447
7449
7459
7460
7464
7467
7475
7479
7481
7482
7489
7491
7495
7495
7498
7500
7501
7503
7504
7507
7517
7517
7520
7520
7525
7531
7532
7534
7536
7536
7536
7538
7538
7556
7557
7559
7561
7562
7566
7570
7579
7590
7592
7592
7599
7608
7616
7616
7620
7627
7632
7633
7639
7645
7645
7646
7646
7647
7650
7651
7651
7652
7654
7657
7666
7674
7677
7681
7682
7685
7691
7692
7694
7695
7695
7698
7702
7704
7704
7705
7705
7709
7711
7714
7719
7729
7733
7749
7755
7757
7762
7764
7767
7768
7768
7770
7771
7775
7784
7787
7788
7789
7790
7796
7799
7799
7800
7801
7803
7804
7806
7807
7808
7809
7809
7816
7818
7824
7824
7824
7826
7832
7834
7835
7837
7839
7840
7848
7852
7855
7855
7860
7861
7862
7863
7864
7864
7871
7875
7879
7880
7882
7883
7887
7892
7893
7905
7911
7913
7916
7917
7919
7922
7925
7928
7934
7936
7936
7940
7941
7941
7941
7943
7944
7944
7951
7959
7962
7970
7976
7983
7986
7988
7999
8006
8008
8009
8010
8017
8021
8021
8021
8022
8025
8037
8041
8042
8042
8042
8048
8052
8054
8055
8056
8058
8066
8068
8068
8069
8070
8071
8072
8076
8079
8091
8092
8092
8094
8096
8101
8106
8108
8112
8118
8120
8128
8130
8132
8137
8137
8141
8144
8146
8147
8147
8152
8155
8157
8160
8168
8169
8170
8172
8175
8176
8178
8179
8187
8188
8188
8196
8202
8206
8210
8212
8213
8220
8221
8224
8227
8229
8231
8231
8234
8242
8244
8252
8252
8259
8259
8261
8265
8265
8268
8277
8279
8287
8291
8292
8293
8293
8294
8300
8313
8318
8320
8321
8322
8323
8323
8328
8328
8329
8331
8339
8340
8353
8356
8364
8367
8372
8374
8374
8379
8380
8392
8396
8402
8403
8404
8408
8410
8416
8422
8422
8436
8438
8440
8441
8443
8451
8452
8454
8460
8463
8463
8465
8474
8475
8485
8489
8491
8492
8493
8494
8496
8497
8500
8501
8504
8504
8504
8504
8510
8510
8514
8515
8516
8518
8520
8524
8525
8527
8528
8530
8533
8535
8542
8543
8543
8546
8550
8550
8550
8550
8553
8557
8557
8558
8559
8563
8567
8571
8571
8573
8578
8581
8584
8585
8585
8586
8595
8599
8604
8606
8609
8615
8624
8629
8629
8630
8631
8631
8634
8636
8638
8646
8646
8646
8648
8649
8653
8655
8659
8663
8668
8680
8680
8681
8684
8690
8695
8696
8703
8706
8707
8708
8708
8709
8711
8712
8714
8714
8718
8720
8721
8723
8724
8725
8727
8728
8731
8736
8737
8739
8743
8743
8743
8747
8749
8751
8753
8755
8755
8760
8760
8761
8768
8773
8780
8780
8785
8787
8794
8798
8806
8808
8810
8810
8817
8819
8823
8823
8824
8827
8832
8834
8839
8841
8844
8847
8847
8847
8849
8851
8867
8881
8885
8887
8894
8897
8904
8907
8921
8926
8927
8928
8930
8948
8949
8952
8952
8955
8956
8958
8971
8972
8975
8988
8996
9002
9002
9004
9005
9006
9007
9007
9008
9014
9014
9021
9027
9027
9028
9029
9035
9039
9040
9040
9052
9059
9060
9063
9072
9078
9082
9082
9085
9086
9095
9096
9098
9109
9119
9120
9122
9124
9124
9129
9137
9141
9145
9149
9155
9167
9170
9177
9181
9182
9183
9195
9200
9201
9204
9205
9205
9216
9219
9222
9226
9228
9239
9240
9241
9244
9258
9258
9258
9266
9266
9267
9267
9268
9271
9271
9272
9273
9276
9279
9281
9283
9288
9293
9298
9298
9302
9305
9306
9309
9311
9314
9316
9318
9318
9318
9320
9321
9322
9325
9329
9329
9337
9340
9341
9342
9349
9352
9354
9354
9355
9359
9361
9368
9370
9376
9381
9394
9398
9399
9400
9404
9406
9416
9416
9417
9424
9424
9424
9425
9427
9428
9428
9431
9434
9439
9439
9441
9442
9444
9465
9467
9469
9470
9472
9473
9476
9478
9485
9485
9488
9490
9493
9495
9496
9498
9509
9511
9513
9517
9518
9527
9528
9530
9531
9532
9536
9539
9539
9540
9549
9556
9558
9560
9568
9573
9580
9583
9584
9591
9592
9595
9596
9596
9597
9600
9601
9602
9610
9612
9613
9614
9629
9634
9634
9637
9638
9638
9638
9639
9643
9646
9647
9649
9653
9653
9654
9657
9661
9665
9666
9673
9673
9675
9681
9684
9686
9688
9688
9690
9693
9697
9699
9707
9714
9715
9717
9717
9726
9727
9733
9738
9739
9746
9748
9749
9758
9762
9766
9773
9774
9774
9776
9779
9781
9782
9787
9790
9793
9795
9795
9796
9799
9800
9800
9803
9807
9808
9811
9815
9817
9818
9820
9821
9822
9823
9824
9824
9826
9836
9842
9845
9846
9847
9849
9849
9849
9849
9853
9857
9864
9866
9867
9868
9869
9872
9876
9876
9879
9881
9887
9888
9889
9898
9900
9903
9904
9905
9909
9909
9913
9914
9915
9917
9921
9923
9926
9927
9928
9929
9931
9934
9935
9935
9937
9940
9940
9942
9951
9957
9963
9965
9967
9969
9973
9981
9985
9987
9989
9994
9995
9995
9999
10006
10009
10009
10015
10017
10020
10029
10035
10036
10042
10045
10048
10053
10058
10058
10060
10061
10062
10064
10064
10070
10088
10090
10091
10092
10094
10097
10104
10108
10109
10110
10110
10112
10112
10115
10119
10120
10124
10124
10128
10130
10133
10137
10141
10146
10146
10146
10146
10147
10149
10152
10160
10163
10164
10165
10169
10183
10185
10185
10185
10186
10191
10194
10194
10195
10196
10197
10204
10204
10215
10216
10229
10229
10237
10240
10241
10251
10251
10252
10252
10253
10256
10257
10261
10268
10268
10281
10289
10292
10294
10302
10303
10304
10306
10310
10313
10315
10318
10321
10324
10324
10332
10342
10349
10352
10356
10358
10363
10365
10365
10366
10367
10372
10373
10374
10375
10388
10393
10394
10395
10395
10396
10398
10399
10401
10403
10407
10407
10412
10420
10421
10423
10427
10430
10431
10431
10443
10443
10446
10452
10453
10456
10456
10462
10467
10475
10476
10482
10482
10484
10486
10487
10487
10489
10489
10493
10498
10500
10508
10511
10518
10520
10521
10535
10539
10540
10542
10544
10544
10547
10556
10558
10561
10561
10569
10571
10576
10577
10582
10585
10586
10593
10594
10596
10601
10604
10613
10625
10627
10636
10639
10643
10644
10646
10648
10648
10656
10658
10660
10664
10667
10673
10676
10681
10686
10687
10691
10694
10694
10695
10699
10703
10705
10713
10715
10720
10721
10725
10725
10729
10729
10729
10730
10732
10732
10739
10739
10744
10745
10746
10749
10754
10756
10758
10758
10761
10764
10767
10770
10771
10772
10773
10780
10781
10784
10788
10789
10796
10798
10798
10799
10799
10800
10804
10806
10808
10811
10815
10817
10822
10823
10832
10834
10836
10843
10847
10857
10861
10863
10865
10866
10867
10869
10872
10872
10873
10877
10878
10887
10889
10890
10894
10907
10907
10908
10908
10910
10914
10915
10916
10921
10921
10925
10927
10929
10932
10936
10938
10939
10945
10948
10956
10958
10958
10960
10961
10963
10966
10967
10968
10973
10975
10984
10985
10990
10990
10995
10998
11001
11003
11004
11004
11004
11007
11007
11010
11013
11017
11024
11031
11039
11041
11043
11050
11052
11052
11054
11055
11060
11062
11076
11081
11081
11086
11091
11094
11096
11096
11097
11100
11104
11105
11107
11110
11110
11112
11115
11119
11130
11140
11144
11148
11149
11156
11160
11163
11167
11169
11170
11171
11178
11179
11181
11184
11185
11186
11186
11188
11193
11194
11195
11199
11205
11211
11213
11215
11221
11223
11224
11225
11235
11238
11241
11241
11257
11265
11266
11266
11266
11278
11281
11281
11286
11295
11295
11296
11298
11298
11303
11305
11307
11309
11317
11324
11326
11328
11329
11330
11334
11335
11336
11337
11338
11340
11341
11358
11360
11363
11365
11365
11369
11381
11384
11386
11387
11399
11410
11413
11413
11413
11415
11416
11418
11421
11425
11425
11428
11438
11439
11446
11446
11449
11454
11459
11461
11472
11474
11475
11484
11485
11487
11487
11489
11490
11490
11492
11494
11495
11495
11497
11504
11507
11513
11513
11526
11529
11534
11535
11535
11540
11543
11544
11546
11559
11564
11564
11567
11569
11569
11569
11572
11575
11579
11581
11584
11588
11589
11589
11592
11594
11601
11603
11618
11626
11628
11632
11632
11632
11633
11634
11634
11635
11643
11649
11658
11662
11662
11662
11664
11668
11671
11673
11677
11680
11680
11685
11686
11688
11688
11689
11693
11698
11703
11706
11706
11706
11709
11711
11715
11717
11722
11725
11725
11737
11738
11740
11743
11744
11746
11748
11748
11753
11758
11761
11763
11766
11767
11767
11776
11781
11782
11788
11788
11794
11795
11797
11798
11802
11805
11806
11807
11807
11808
11809
11814
11824
11846
11851
11855
11861
11863
11872
11873
11874
11876
11881
11889
11892
11897
11898
11898
11898
11905
11906
11914
11915
11915
11917
11919
11923
11926
11928
11934
11937
11942
11943
11946
11947
11948
11956
11963
11964
11965
11968
11969
11972
12003
12011
12012
12013
12015
12018
12019
12022
12026
12031
12031
12039
12040
12040
12042
12050
12054
12055
12055
12057
12058
12061
12064
12064
12066
12067
12069
12071
12071
12072
12078
12078
12082
12084
12087
12103
12105
12107
12108
12110
12112
12118
12120
12121
12122
12123
12132
12133
12139
12142
12148
12153
12153
12155
12155
12155
12157
12158
12158
12159
12179
12180
12181
12182
12182
12185
12185
12185
12186
12187
12191
12195
12197
12200
12203
12204
12214
12217
12231
12241
12241
12242
12242
12245
12247
12253
12253
12253
12257
12258
12260
12265
12265
12268
12270
12270
12272
12272
12277
12278
12281
12286
12287
12288
12303
12309
12313
12313
12316
12318
12319
12323
12325
12326
12329
12339
12339
12344
12347
12348
12351
12356
12361
12363
12371
12375
12383
12388
12397
12399
12402
12403
12405
12408
12420
12421
12426
12431
12435
12439
12446
12449
12451
12452
12457
12458
12458
12459
12461
12463
12465
12471
12471
12471
12476
12477
12478
12482
12487
12487
12489
12490
12491
12492
12494
12498
12503
12506
12511
12515
12517
12521
12525
12526
12528
12530
12532
12534
12535
12536
12540
12542
12542
12547
12550
12554
12561
12566
12568
12568
12568
12569
12577
12578
12587
12591
12593
12595
12605
12614
12615
12615
12618
12618
12622
12629
12629
12631
12633
12639
12642
12655
12655
12656
12657
12658
12661
12667
12672
12676
12678
12679
12684
12688
12689
12692
12694
12700
12704
12705
12707
12715
12720
12724
12727
12732
12734
12738
12738
12749
12750
12751
12753
12754
12754
12754
12755
12761
12763
12769
12776
12784
12784
12785
12786
12788
12792
12796
12797
12797
12798
12800
12813
12819
12820
12823
12832
12833
12836
12854
12855
12859
12861
12862
12864
12864
12865
12868
12870
12873
12876
12879
12882
12883
12886
12887
12888
12889
12892
12894
12895
12906
12907
12909
12914
12916
12918
12923
12925
12926
12926
12932
12934
12934
12938
12944
12945
12948
12952
12952
12960
12962
12963
12965
12966
12977
12977
12982
12983
12999
12999
12999
13002
13004
13005
13011
13011
13011
13016
13018
13020
13021
13021
13025
13029
13034
13042
13046
13047
13054
13056
13056
13062
13065
13066
13066
13068
13070
13076
13091
13092
13093
13093
13099
13100
13101
13109
13110
13113
13118
13120
13122
13131
13143
13149
13150
13159
13160
13167
13168
13175
13175
13175
13179
13185
13185
13188
13193
13195
13201
13204
13205
13208
13216
13217
13225
13230
13232
13233
13235
13240
13243
13246
13247
13252
13253
13253
13253
13253
13254
13259
13263
13265
13274
13274
13274
13278
13278
13280
13280
13284
13286
13293
13293
13293
13295
13303
13304
13312
13320
13321
13325
13325
13326
13326
13329
13331
13332
13332
13335
13336
13343
13343
13350
13350
13355
13358
13363
13366
13369
13375
13379
13381
13382
13386
13390
13400
13406
13407
13409
13415
13416
13416
13417
13419
13421
13422
13425
13427
13428
13434
13438
13449
13451
13452
13454
13456
13457
13464
13467
13470
13479
13489
13497
13497
13499
13501
13504
13506
13508
13511
13517
13520
13523
13526
13530
13530
13533
13538
13548
13549
13550
13554
13554
13560
13563
13568
13569
13569
13578
13591
13592
13593
13599
13607
13607
13609
13609
13609
13614
13614
13615
13620
13622
13622
13626
13634
13639
13641
13647
13657
13662
13663
13666
13671
13674
13676
13677
13680
13680
13680
13685
13689
13690
13691
13697
13698
13699
13702
13704
13711
13714
13716
13720
13726
13727
13735
13736
13743
13748
13751
13758
13759
13765
13769
13770
13771
13772
13777
13790
13796
13802
13804
13805
13811
13812
13820
13820
13823
13823
13824
13827
13827
13830
13831
13839
13841
13841
13843
13852
13853
13876
13882
13894
13898
13902
13902
13903
13903
13905
13908
13912
13915
13921
13921
13922
13924
13927
13927
13928
13929
13930
13937
13942
13943
13945
13945
13954
13958
13962
13963
13964
13964
13981
13983
13986
13994
13994
13999
14000
14001
14003
14009
14010
14011
14011
14015
14015
14020
14022
14024
14034
14037
14042
14043
14044
14045
14049
14049
14050
14051
14053
14066
14069
14077
14082
14082
14084
14085
14086
14093
14100
14102
14110
14111
14115
14117
14122
14122
14124
14125
14125
14133
14140
14141
14146
14146
14148
14153
14159
14165
14167
14168
14173
14175
14180
14180
14182
14184
14184
14192
14193
14195
14199
14200
14201
14214
14227
14231
14240
14241
14241
14244
14244
14258
14269
14270
14271
14275
14283
14288
14288
14291
14291
14295
14300
14303
14305
14305
14305
14307
14309
14318
14322
14324
14324
14325
14329
14339
14340
14344
14344
14348
14351
14359
14366
14384
14385
14385
14386
14397
14400
14402
14403
14407
14408
14409
14414
14417
14418
14420
14435
14436
14436
14439
14439
14442
14452
14456
14459
14462
14464
14464
14466
14469
14469
14471
14476
14478
14488
14489
14489
14490
14499
14507
14507
14508
14512
14512
14516
14517
14519
14521
14524
14525
14527
14528
14528
14530
14531
14533
14534
14537
14539
14539
14540
14546
14555
14555
14559
14559
14562
14564
14573
14574
14576
14581
14582
14591
14594
14596
14606
14610
14613
14622
14626
14626
14629
14641
14650
14659
14659
14664
14666
14668
14668
14672
14681
14684
14694
14697
14699
14700
14701
14703
14704
14716
14726
14731
14747
14748
14751
14759
14759
14765
14769
14769
14773
14775
14777
14783
14787
14788
14790
14792
14793
14793
14794
14795
14799
14806
14808
14812
14815
14816
14819
14823
14823
14845
14849
14849
14850
14854
14858
14861
14863
14869
14871
14874
14875
14876
14877
14889
14889
14889
14893
14894
14902
14902
14909
14917
14918
14920
14921
14934
14937
14938
14941
14943
14946
14948
14953
14961
14964
14964
14965
14968
14972
14973
14975
14977
14977
14981
14982
14993
14996
14997
14999
15002
15013
15014
15025
15035
15035
15037
15038
15045
15045
15052
15054
15058
15060
15060
15064
15064
15069
15072
15076
15077
15077
15079
15080
15083
15089
15092
15093
15094
15096
15101
15103
15113
15116
15117
15119
15120
15120
15121
15123
15140
15142
15145
15145
15148
15151
15156
15161
15163
15164
15164
15174
15175
15182
15183
15183
15190
15195
15195
15198
15207
15212
15214
15219
15220
15226
15229
15230
15235
15238
15238
15238
15239
15244
15252
15257
15259
15268
15269
15272
15279
15281
15283
15283
15287
15287
15295
15299
15304
15305
15326
15334
15340
15340
15341
15346
15349
15350
15351
15351
15352
15354
15363
15370
15373
15377
15378
15379
15382
15383
15387
15388
15391
15393
15394
15395
15399
15399
15399
15404
15405
15409
15410
15412
15418
15423
15452
15458
15459
15463
15468
15470
15475
15478
15479
15480
15481
15484
15490
15493
15494
15499
15505
15507
15507
15508
15508
15512
15521
15532
15532
15533
15539
15541
15543
15546
15549
15550
15551
15552
15559
15560
15560
15565
15570
15570
15573
15577
15581
15583
15583
15591
15593
15595
15598
15601
15602
15606
15612
15616
15617
15619
15623
15626
15627
15631
15641
15643
15644
15645
15647
15649
15652
15655
15656
15656
15658
15660
15666
15667
15669
15673
15673
15682
15687
15688
15702
15707
15711
15712
15713
15714
15718
15723
15732
15733
15735
15739
15739
15740
15746
15750
15751
15753
15759
15762
15767
15770
15772
15790
15798
15798
15799
15809
15809
15814
15815
15826
15826
15829
15830
15832
15839
15845
15845
15849
15851
15854
15856
15857
15857
15858
15863
15868
15868
15869
15871
15883
15885
15893
15895
15908
15909
15920
15920
15921
15923
15935
15935
15938
15941
15942
15944
15944
15945
15945
15946
15946
15947
15949
15952
15955
15957
15958
15958
15967
15974
15978
15981
15988
15991
15993
15995
15996
15997
16002
16005
16011
16014
16016
16020
16029
16033
16040
16043
16043
16047
16053
16059
16066
16077
16080
16082
16096
16099
16102
16103
16107
16109
16111
16112
16116
16119
16127
16134
16145
16149
16152
16153
16155
16156
16159
16166
16170
16175
16180
16180
16186
16186
16188
16189
16190
16194
16195
16198
16199
16199
16201
16202
16207
16207
16209
16213
16213
16214
16224
16225
16228
16234
16234
16240
16243
16244
16245
16247
16249
16253
16260
16261
16262
16263
16266
16266
16268
16268
16272
16293
16295
16296
16314
16318
16320
16320
16325
16328
16330
16334
16340
16342
16346
16349
16354
16358
16361
16361
16366
16370
16378
16381
16382
16387
16388
16391
16393
16393
16393
16394
16399
16402
16404
16406
16406
16411
16419
16426
16428
16431
16431
16431
16435
16435
16446
16457
16460
16464
16466
16469
16471
16472
16475
16481
16488
16488
16489
16501
16505
16507
16508
16509
16510
16514
16524
16528
16528
16529
16530
16536
16538
16546
16547
16554
16563
16570
16572
16572
16575
16582
16587
16588
16588
16589
16590
16598
16602
16603
16606
16612
16615
16620
16622
16634
16639
16641
16644
16647
16647
16653
16653
16656
16658
16661
16662
16666
16667
16667
16669
16671
16673
16674
16680
16681
16681
16681
16684
16694
16694
16699
16702
16704
16708
16720
16723
16723
16728
16729
16731
16731
16732
16734
16737
16742
16748
16750
16750
16753
16754
16756
16761
16764
16766
16766
16767
16770
16771
16772
16773
16776
16778
16781
16784
16785
16786
16790
16790
16802
16817
16819
16819
16820
16820
16821
16822
16822
16824
16825
16829
16832
16835
16839
16844
16850
16860
16861
16863
16866
16868
16869
16871
16879
16881
16887
16891
16899
16900
16903
16915
16917
16924
16927
16932
16933
16937
16938
16942
16945
16946
16961
16962
16970
16976
16977
16983
16983
16985
16988
16997
17004
17007
17008
17010
17011
17011
17013
17015
17019
17019
17031
17045
17048
17055
17056
17058
17061
17062
17064
17067
17071
17078
17079
17082
17084
17085
17088
17089
17097
17100
17100
17101
17102
17102
17108
17111
17115
17115
17119
17119
17122
17124
17128
17130
17131
17134
17134
17135
17135
17138
17147
17148
17154
17160
17161
17162
17162
17166
17169
17171
17171
17182
17182
17186
17189
17191
17191
17196
17197
17198
17199
17202
17203
17205
17208
17212
17213
17214
17222
17225
17225
17233
17234
17234
17237
17237
17238
17258
17259
17261
17264
17265
17268
17276
17284
17286
17293
17294
17295
17295
17303
17304
17306
17307
17307
17312
17321
17325
17332
17341
17343
17348
17351
17355
17359
17361
17365
17366
17366
17370
17371
17388
17394
17396
17396
17397
17403
17406
17406
17408
17413
17413
17414
17417
17421
17422
17424
17429
17431
17432
17436
17439
17439
17442
17445
17455
17458
17459
17464
17466
17469
17470
17471
17472
17475
17475
17479
17479
17488
17491
17492
17493
17501
17503
17507
17510
17527
17529
17536
17537
17538
17539
17541
17544
17546
17548
17553
17565
17566
17567
17567
17569
17570
17571
17572
17575
17578
17579
17588
17590
17590
17591
17596
17601
17602
17605
17609
17611
17615
17617
17618
17620
17623
17625
17628
17630
17647
17647
17651
17653
17655
17656
17663
17671
17672
17674
17675
17680
17683
17684
17688
17693
17693
17707
17707
17707
17707
17709
17710
17711
17714
17717
17719
17719
17720
17730
17730
17733
17733
17735
17735
17736
17736
17738
17743
17751
17753
17764
17771
17771
17776
17777
17783
17786
17790
17811
17813
17818
17822
17826
17830
17833
17834
17836
17847
17849
17853
17855
17857
17858
17859
17861
17867
17868
17869
17870
17872
17891
17898
17900
17901
17905
17906
17914
17920
17922
17925
17929
17929
17930
17937
17944
17944
17945
17953
17955
17955
17959
17965
17975
17979
17979
17984
17985
17993
17995
18005
18010
18014
18014
18015
18017
18022
18023
18023
18023
18024
18025
18030
18031
18036
18037
18042
18055
18056
18061
18067
18068
18068
18070
18076
18078
18081
18082
18082
18088
18102
18103
18104
18104
18105
18107
18114
18117
18117
18125
18144
18145
18147
18147
18158
18161
18161
18165
18169
18177
18180
18187
18193
18197
18198
18202
18210
18215
18217
18225
18229
18233
18233
18233
18234
18234
18234
18241
18247
18249
18251
18251
18252
18255
18256
18260
18266
18268
18271
18285
18289
18293
18296
18296
18296
18300
18311
18317
18318
18320
18324
18329
18331
18332
18342
18344
18347
18362
18367
18368
18377
18392
18398
18399
18400
18401
18409
18410
18414
18415
18432
18435
18436
18439
18440
18440
18440
18449
18450
18460
18463
18465
18467
18472
18473
18473
18480
18482
18483
18485
18487
18488
18490
18490
18495
18499
18499
18500
18503
18503
18515
18523
18525
18528
18529
18533
18536
18537
18540
18540
18543
18547
18550
18551
18554
18559
18562
18567
18569
18575
18576
18579
18581
18585
18586
18587
18594
18594
18597
18599
18599
18599
18601
18603
18608
18617
18618
18621
18625
18632
18632
18632
18639
18640
18642
18661
18667
18670
18679
18681
18682
18683
18685
18687
18690
18690
18692
18693
18697
18697
18707
18712
18713
18721
18724
18727
18732
18732
18734
18734
18737
18742
18742
18742
18746
18749
18752
18755
18757
18758
18759
18765
18766
18769
18769
18770
18772
18772
18775
18777
18781
18781
18783
18793
18809
18816
18821
18825
18829
18829
18831
18832
18833
18842
18844
18848
18849
18851
18851
18851
18851
18852
18863
18868
18869
18871
18875
18876
18880
18881
18881
18896
18897
18912
18916
18916
18917
18923
18925
18927
18930
18933
18935
18936
18938
18939
18939
18941
18954
18963
18965
18965
18968
18970
18982
18983
18986
18988
18990
18997
18999
19000
19001
19007
19009
19014
19022
19025
19032
19036
19037
19041
19042
19044
19051
19052
19058
19060
19061
19066
19068
19076
19078
19081
19083
19091
19091
19102
19105
19106
19106
19110
19115
19124
19125
19128
19133
19134
19135
19137
19140
19145
19145
19152
19154
19159
19160
19163
19165
19165
19173
19174
19187
19201
19201
19205
19209
19220
19221
19223
19224
19226
19230
19230
19237
19239
19241
19244
19245
19251
19253
19254
19256
19264
19264
19264
19265
19269
19269
19271
19277
19277
19281
19284
19289
19290
19297
19300
19302
19308
19312
19314
19315
19319
19322
19324
19325
19326
19326
19332
19336
19342
19345
19345
19349
19350
19351
19351
19353
19354
19360
19371
19373
19373
19373
19374
19379
19380
19383
19384
19386
19388
19402
19402
19407
19409
19411
19412
19414
19416
19416
19417
19419
19419
19421
19421
19423
19423
19426
19429
19433
19434
19435
19441
19442
19446
19448
19449
19453
19453
19460
19460
19461
19462
19472
19477
19477
19477
19481
19484
19485
19495
19495
19495
19500
19500
19503
19512
19516
19538
19538
19545
19554
19558
19558
19562
19563
19563
19568
19570
19574
19583
19587
19595
19600
19604
19606
19606
19606
19608
19611
19612
19623
19625
19626
19626
19627
19629
19631
19645
19646
19649
19651
19652
19658
19663
19668
19671
19674
19677
19681
19682
19682
19683
19684
19686
19688
19695
19698
19702
19705
19706
19712
19714
19717
19721
19727
19728
19731
19740
19743
19745
19748
19748
19758
19764
19770
19771
19780
19783
19786
19787
19794
19795
19798
19798
19808
19810
19817
19825
19831
19832
19832
19833
19843
19844
19845
19845
19846
19848
19850
19852
19855
19858
19859
19860
19862
19863
19863
19870
19870
19871
19875
19875
19879
19885
19886
19887
19888
19896
19897
19898
19900
19910
19912
19914
19916
19919
19919
19925
19926
19926
19927
19928
19929
19930
19931
19933
19935
19941
19941
19945
19950
19954
19957
19981
19984
19985
19988
19996
19996
19996
19996
19997
19998
20002
20002
20007
20009
20010
20011
20012
20012
20014
20017
20023
20023
20024
20026
20027
20030
20032
20034
20035
20037
20037
20038
20038
20042
20045
20053
20058
20058
20058
20059
20060
20062
20063
20063
20063
20067
20067
20072
20076
20077
20078
20085
20088
20089
20090
20091
20092
20101
20106
20108
20113
20114
20114
20116
20121
20122
20129
20129
20133
20135
20138
20138
20142
20143
20147
20152
20154
20162
20163
20164
20164
20166
20174
20174
20176
20178
20183
20185
20185
20191
20191
20194
20195
20202
20203
20204
20208
20208
20215
20221
20222
20222
20222
20228
20239
20243
20243
20249
20252
20256
20257
20261
20265
20268
20274
20281
20284
20290
20296
20303
20311
20313
20321
20322
20325
20326
20327
20334
20334
20339
20340
20346
20362
20363
20368
20368
20369
20377
20379
20381
20389
20395
20395
20395
20401
20401
20409
20409
20414
20418
20419
20420
20421
20421
20430
20431
20435
20435
20441
20442
20443
20444
20452
20454
20458
20460
20463
20464
20464
20469
20469
20470
20472
20478
20481
20483
20483
20485
20487
20491
20494
20500
20502
20502
20509
20515
20517
20519
20519
20521
20523
20524
20525
20533
20535
20539
20541
20545
20555
20559
20563
20564
20565
20569
20581
20584
20589
20591
20593
20594
20596
20599
20602
20604
20606
20607
20611
20612
20612
20616
20617
20617
20620
20624
20625
20628
20629
20630
20631
20632
20638
20642
20643
20648
20649
20650
20651
20655
20656
20658
20659
20661
20662
20662
20665
20667
20677
20682
20685
20687
20688
20689
20693
20693
20694
20697
20699
20700
20702
20707
20711
20713
20718
20726
20727
20731
20740
20741
20741
20743
20745
20745
20747
20748
20748
20750
20756
20757
20757
20758
20762
20763
20765
20767
20769
20771
20771
20775
20776
20783
20783
20785
20792
20793
20797
20806
20808
20809
20816
20817
20822
20824
20824
20827
20828
20829
20829
20837
20837
20839
20847
20860
20868
20869
20870
20875
20876
20879
20882
20884
20885
20886
20894
20895
20897
20901
20907
20911
20911
20913
20915
20920
20921
20925
20926
20926
20932
20935
20941
20944
20946
20946
20948
20949
20951
20953
20954
20960
20961
20970
20973
20975
20980
20995
21002
21014
21014
21014
21020
21020
21025
21029
21037
21039
21043
21044
21047
21051
21051
21052
21058
21060
21069
21071
21071
21078
21078
21084
21086
21087
21093
21103
21104
21109
21112
21113
21115
21122
21124
21126
21128
21129
21130
21135
21136
21136
21136
21139
21140
21141
21145
21146
21146
21150
21152
21154
21155
21155
21158
21161
21162
21162
21164
21168
21168
21176
21192
21193
21195
21201
21202
21203
21205
21212
21218
21220
21228
21231
21232
21233
21235
21236
21236
21238
21238
21239
21246
21252
21254
21256
21262
21267
21281
21291
21292
21295
21296
21300
21306
21308
21308
21312
21316
21320
21323
21327
21327
21329
21332
21336
21337
21338
21342
21343
21347
21354
21358
21359
21362
21365
21367
21375
21379
21379
21381
21389
21392
21394
21397
21401
21402
21403
21403
21404
21405
21406
21406
21416
21418
21420
21420
21422
21427
21429
21430
21436
21438
21439
21448
21450
21451
21460
21463
21464
21466
21469
21480
21484
21493
21495
21495
21497
21499
21502
21512
21515
21515
21522
21528
21529
21530
21532
21535
21539
21541
21541
21541
21543
21547
21554
21554
21557
21567
21572
21572
21578
21578
21578
21584
21585
21596
21598
21598
21601
21601
21607
21615
21619
21619
21621
21626
21635
21638
21642
21644
21646
21650
21655
21662
21666
21668
21669
21675
21677
21683
21690
21691
21700
21702
21703
21704
21709
21709
21719
21724
21725
21729
21735
21735
21736
21739
21742
21747
21750
21752
21754
21759
21759
21759
21760
21764
21767
21774
21774
21780
21782
21784
21786
21793
21796
21797
21798
21801
21807
21808
21814
21815
21819
21819
21822
21824
21825
21829
21829
21830
21831
21833
21834
21837
21843
21843
21844
21844
21847
21849
21850
21856
21857
21857
21857
21862
21864
21867
21885
21886
21887
21890
21890
21890
21893
21895
21897
21900
21904
21908
21915
21926
21928
21929
21948
21948
21949
21949
21950
21956
21956
21958
21960
21974
21976
21978
21981
21982
21982
21984
21986
21987
21995
21998
22001
22006
22008
22009
22013
22018
22020
22020
22022
22023
22023
22034
22035
22036
22040
22052
22053
22059
22062
22068
22069
22080
22086
22094
22097
22103
22108
22110
22118
22123
22123
22124
22124
22126
22127
22132
22137
22140
22140
22141
22143
22143
22145
22147
22152
22155
22156
22157
22160
22163
22164
22165
22165
22170
22176
22181
22183
22191
22192
22192
22211
22214
22215
22218
22221
22223
22233
22234
22245
22248
22251
22251
22255
22258
22268
22271
22273
22281
22282
22287
22289
22290
22291
22294
22298
22299
22301
22301
22307
22309
22317
22320
22325
22329
22329
22334
22335
22335
22340
22354
22354
22360
22366
22367
22369
22375
22376
22382
22389
22392
22394
22396
22405
22408
22412
22414
22419
22426
22429
22430
22431
22435
22438
22439
22439
22441
22445
22446
22448
22449
22451
22452
22455
22458
22459
22463
22463
22463
22474
22476
22484
22485
22488
22498
22498
22504
22510
22511
22518
22518
22520
22525
22525
22526
22527
22532
22539
22541
22546
22548
22552
22553
22559
22562
22564
22565
22568
22572
22575
22580
22580
22589
22598
22609
22610
22614
22615
22618
22620
22621
22621
22623
22625
22625
22627
22630
22632
22636
22640
22653
22654
22656
22658
22659
22662
22669
22680
22682
22682
22683
22684
22689
22690
22691
22693
22699
22703
22706
22706
22707
22713
22716
22718
22720
22723
22724
22725
22731
22733
22733
22735
22739
22744
22747
22753
22756
22760
22760
22760
22762
22763
22764
22766
22767
22769
22775
22777
22779
22783
22794
22794
22799
22799
22799
22800
22802
22805
22806
22807
22812
22819
22820
22821
22823
22824
22824
22833
22840
22847
22850
22855
22856
22860
22861
22861
22864
22865
22867
22868
22869
22880
22882
22888
22891
22891
22893
22897
22900
22904
22906
22910
22915
22922
22925
22925
22930
22930
22934
22936
22938
22938
22938
22943
22943
22951
22952
22953
22954
22958
22960
22965
22971
22975
22975
22979
22983
22983
22984
22994
22995
22996
22999
23002
23004
23004
23005
23018
23018
23023
23030
23031
23033
23034
23037
23040
23049
23049
23051
23057
23059
23064
23064
23068
23078
23082
23083
23085
23088
23090
23093
23093
23096
23096
23102
23103
23109
23110
23116
23124
23127
23128
23128
23129
23132
23135
23137
23138
23140
23143
23143
23145
23145
23146
23154
23158
23160
23161
23162
23165
23167
23174
23177
23177
23188
23193
23199
23200
23208
23211
23215
23215
23225
23229
23232
23235
23241
23242
23242
23244
23248
23260
23265
23266
23269
23271
23276
23282
23291
23294
23297
23300
23305
23310
23313
23316
23331
23334
23336
23336
23338
23346
23348
23348
23350
23351
23352
23354
23356
23361
23364
23366
23370
23371
23372
23373
23374
23380
23384
23385
23390
23403
23407
23426
23431
23433
23445
23447
23448
23453
23461
23462
23464
23467
23467
23468
23471
23480
23481
23486
23495
23500
23504
23506
23506
23517
23520
23523
23524
23532
23542
23546
23547
23547
23548
23553
23569
23569
23574
23574
23576
23578
23579
23581
23584
23587
23597
23599
23602
23605
23605
23607
23622
23624
23627
23633
23641
23646
23648
23651
23662
23663
23666
23670
23670
23673
23678
23682
23695
23699
23702
23704
23705
23705
23707
23707
23711
23719
23724
23727
23731
23734
23734
23737
23743
23743
23745
23746
23748
23750
23751
23755
23760
23762
23763
23764
23768
23785
23787
23792
23795
23795
23800
23800
23803
23807
23807
23814
23815
23822
23823
23824
23829
23835
23839
23846
23847
23849
23860
23862
23866
23876
23888
23888
23892
23893
23896
23901
23905
23907
23909
23912
23916
23920
23923
23923
23925
23927
23934
23934
23934
23936
23939
23942
23945
23947
23948
23950
23953
23953
23953
23954
23955
23959
23962
23963
23970
23976
23976
23985
23988
23991
23997
23999
24010
24015
24016
24018
24023
24027
24027
24032
24035
24038
24040
24047
24053
24054
24067
24068
24073
24074
24076
24080
24090
24091
24095
24097
24099
24103
24104
24106
24107
24122
24128
24134
24134
24139
24143
24145
24155
24157
24168
24170
24172
24175
24176
24177
24185
24188
24190
24190
24191
24193
24201
24202
24205
24206
24209
24212
24214
24220
24221
24223
24229
24233
24235
24236
24239
24239
24244
24245
24259
24262
24264
24268
24272
24279
24285
24294
24295
24295
24299
24303
24307
24310
24313
24321
24321
24323
24325
24325
24333
24336
24338
24339
24350
24353
24357
24362
24371
24372
24377
24377
24378
24382
24386
24389
24390
24392
24392
24392
24394
24398
24406
24406
24407
24409
24414
24419
24421
24421
24422
24429
24430
24431
24431
24436
24436
24446
24447
24452
24457
24459
24461
24462
24464
24467
24469
24469
24471
24471
24472
24474
24475
24478
24484
24486
24487
24487
24492
24493
24496
24497
24498
24498
24500
24501
24510
24511
24513
24514
24518
24519
24520
24525
24525
24527
24529
24529
24531
24532
24532
24533
24533
24535
24536
24556
24559
24559
24567
24568
24573
24575
24576
24584
24594
24599
24604
24605
24606
24607
24607
24614
24620
24620
24625
24627
24629
24633
24636
24637
24639
24640
24640
24648
24648
24656
24660
24660
24661
24665
24668
24669
24671
24671
24674
24674
24680
24682
24684
24685
24690
24694
24696
24699
24701
24705
24710
24712
24715
24717
24719
24720
24720
24721
24722
24725
24725
24726
24733
24736
24737
24740
24742
24744
24753
24754
24761
24767
24769
24776
24778
24781
24784
24788
24797
24797
24801
24809
24814
24815
24816
24823
24829
24837
24845
24849
24854
24858
24864
24864
24871
24879
24880
24902
24905
24906
24908
24909
24917
24924
24925
24927
24931
24931
24932
24933
24945
24948
24949
24951
24954
24956
24962
24974
24974
24979
24981
24986
24986
24990
24990
24991
24993
24997
25002
25006
25007
25013
25018
25018
25028
25030
25032
25033
25034
25038
25041
25042
25050
25054
25056
25058
25062
25064
25070
25071
25077
25086
25093
25093
25094
25097
25098
25101
25114
25121
25122
25122
25125
25129
25130
25135
25137
25140
25142
25146
25151
25167
25175
25180
25184
25189
25199
25201
25201
25202
25217
25219
25219
25220
25222
25222
25226
25231
25234
25235
25236
25240
25241
25249
25254
25256
25261
25262
25268
25272
25273
25281
25283
25288
25290
25293
25293
25298
25308
25311
25319
25321
25322
25326
25329
25331
25331
25336
25349
25361
25366
25369
25375
25377
25388
25392
25397
25398
25403
25404
25406
25419
25424
25425
25434
25437
25440
25443
25443
25444
25444
25444
25448
25448
25450
25452
25457
25458
25459
25464
25465
25466
25467
25474
25477
25481
25481
25486
25490
25494
25499
25502
25518
25523
25526
25533
25535
25536
25538
25540
25547
25555
25557
25560
25569
25571
25573
25576
25579
25583
25592
25593
25595
25599
25606
25606
25607
25611
25612
25614
25619
25622
25624
25629
25630
25631
25633
25637
25637
25637
25646
25649
25649
25652
25653
25653
25674
25684
25684
25687
25687
25688
25690
25690
25694
25696
25703
25704
25704
25708
25714
25718
25723
25724
25724
25729
25736
25739
25740
25752
25759
25764
25766
25767
25768
25774
25774
25776
25778
25778
25780
25784
25785
25786
25792
25793
25795
25799
25800
25801
25805
25808
25812
25818
25820
25822
25823
25826
25834
25841
25845
25848
25851
25852
25864
25865
25866
25875
25877
25878
25878
25879
25883
25885
25886
25894
25895
25895
25897
25897
25904
25905
25910
25910
25910
25913
25914
25930
25933
25933
25937
25938
25943
25947
25949
25950
25950
25954
25963
25968
25982
25994
25995
26004
26005
26013
26014
26016
26022
26028
26042
26050
26050
26053
26053
26058
26059
26060
26064
26064
26070
26080
26080
26081
26083
26088
26091
26098
26100
26101
26103
26103
26103
26105
26107
26108
26117
26122
26123
26124
26127
26133
26135
26136
26137
26137
26140
26145
26149
26150
26151
26160
26161
26168
26168
26170
26172
26176
26177
26179
26184
26184
26187
26191
26193
26198
26199
26205
26209
26215
26219
26221
26223
26235
26237
26237
26238
26238
26239
26239
26239
26242
26243
26247
26247
26249
26249
26250
26254
26255
26258
26259
26260
26268
26269
26273
26275
26275
26280
26280
26280
26283
26284
26286
26291
26294
26294
26299
26301
26306
26306
26307
26307
26309
26310
26310
26311
26314
26323
26323
26324
26326
26329
26330
26330
26332
26334
26341
26342
26342
26342
26344
26350
26352
26354
26354
26356
26361
26368
26368
26368
26369
26370
26371
26373
26373
26381
26381
26383
26385
26388
26388
26388
26392
26392
26399
26400
26404
26407
26409
26410
26427
26429
26436
26437
26438
26442
26446
26449
26450
26454
26457
26461
26462
26468
26468
26469
26472
26472
26476
26477
26477
26477
26477
26483
26486
26486
26491
26491
26501
26506
26508
26508
26509
26518
26520
26522
26524
26524
26530
26534
26535
26539
26544
26549
26557
26582
26587
26595
26602
26608
26611
26613
26620
26629
26630
26638
26640
26643
26645
26650
26651
26656
26660
26663
26663
26666
26668
26671
26675
26684
26684
26687
26688
26690
26692
26696
26703
26703
26707
26708
26710
26711
26711
26713
26724
26732
26733
26740
26741
26745
26755
26757
26759
26765
26766
26768
26769
26770
26771
26774
26777
26786
26787
26796
26796
26798
26805
26805
26811
26811
26812
26814
26816
26818
26827
26829
26831
26832
26833
26837
26837
26840
26847
26849
26864
26865
26865
26867
26873
26875
26876
26876
26877
26878
26880
26883
26884
26889
26889
26890
26896
26909
26912
26912
26916
26921
26923
26925
26928
26932
26934
26937
26937
26937
26937
26953
26953
26957
26959
26961
26968
26970
26975
26977
26983
26985
26988
26989
26992
26994
26994
26997
27001
27003
27003
27008
27017
27018
27022
27024
27026
27031
27034
27043
27047
27049
27060
27063
27064
27065
27066
27075
27078
27080
27081
27082
27084
27085
27085
27087
27103
27103
27104
27116
27126
27128
27129
27129
27131
27134
27137
27138
27150
27152
27153
27161
27178
27181
27182
27186
27188
27189
27191
27194
27198
27213
27222
27235
27236
27239
27242
27251
27253
27253
27255
27257
27258
27259
27261
27262
27262
27269
27270
27272
27276
27286
27291
27297
27297
27299
27305
27306
27314
27315
27320
27320
27322
27324
27324
27325
27325
27328
27330
27337
27349
27349
27349
27362
27363
27367
27367
27369
27370
27370
27371
27373
27376
27380
27381
27381
27388
27389
27393
27396
27399
27400
27401
27404
27407
27409
27409
27409
27417
27422
27423
27427
27437
27441
27447
27458
27460
27462
27465
27466
27468
27470
27472
27477
27479
27479
27481
27484
27486
27490
27491
27492
27496
27508
27512
27515
27518
27519
27522
27525
27526
27532
27533
27542
27544
27545
27545
27547
27552
27553
27554
27557
27560
27562
27562
27568
27570
27570
27571
27577
27579
27585
27588
27593
27594
27615
27619
27622
27623
27626
27633
27638
27641
27646
27650
27660
27660
27668
27668
27679
27681
27681
27691
27691
27691
27693
27694
27698
27702
27705
27708
27717
27721
27725
27730
27732
27738
27738
27743
27743
27747
27748
27754
27755
27755
27756
27756
27761
27763
27774
27778
27790
27790
27790
27792
27792
27795
27804
27804
27809
27812
27814
27815
27817
27820
27821
27830
27833
27834
27834
27834
27840
27844
27848
27851
27853
27854
27856
27858
27863
27866
27866
27868
27873
27878
27881
27883
27884
27895
27899
27899
27900
27903
27907
27909
27910
27920
27928
27931
27933
27940
27941
27942
27944
27946
27947
27947
27949
27957
27961
27962
27967
27968
27972
27976
27977
27979
27979
27984
27986
27988
27990
27991
27993
27995
28000
28000
28002
28004
28004
28016
28028
28030
28030
28036
28039
28044
28045
28052
28054
28054
28058
28059
28062
28064
28069
28072
28075
28078
28079
28080
28080
28089
28089
28092
28093
28095
28096
28108
28111
28116
28120
28130
28130
28140
28141
28142
28147
28148
28155
28155
28162
28163
28164
28165
28168
28174
28183
28183
28188
28194
28196
28197
28200
28200
28204
28206
28217
28221
28226
28231
28236
28237
28240
28245
28246
28247
28251
28251
28260
28262
28264
28264
28270
28276
28276
28278
28287
28287
28288
28298
28299
28301
28305
28307
28308
28308
28312
28315
28323
28327
28336
28340
28340
28345
28345
28349
28361
28363
28369
28374
28379
28380
28383
28389
28392
28392
28398
28398
28405
28408
28410
28413
28424
28425
28429
28429
28429
28430
28430
28432
28433
28444
28446
28455
28462
28467
28468
28473
28474
28474
28485
28488
28490
28492
28500
28500
28503
28506
28509
28509
28511
28515
28519
28522
28523
28528
28529
28529
28530
28542
28543
28543
28553
28553
28554
28556
28559
28563
28566
28566
28573
28574
28575
28580
28581
28583
28585
28585
28588
28591
28592
28594
28594
28594
28608
28609
28615
28617
28617
28618
28619
28620
28625
28627
28628
28631
28633
28640
28640
28646
28649
28651
28652
28654
28657
28657
28659
28660
28668
28675
28675
28677
28677
28677
28678
28683
28685
28686
28689
28691
28697
28699
28707
28708
28710
28713
28713
28714
28714
28723
28724
28725
28725
28733
28738
28739
28747
28757
28759
28759
28762
28771
28772
28778
28781
28785
28788
28789
28796
28797
28799
28803
28803
28806
28808
28809
28811
28814
28820
28835
28836
28838
28845
28845
28848
28852
28860
28861
28862
28878
28884
28885
28910
28912
28914
28914
28916
28917
28922
28924
28927
28928
28935
28939
28943
28943
28947
28948
28952
28963
28974
28974
28976
28990
28999
29003
29005
29008
29011
29012
29015
29017
29019
29020
29026
29026
29026
29029
29029
29030
29033
29034
29037
29039
29041
29042
29044
29048
29050
29050
29052
29054
29063
29063
29064
29065
29069
29070
29073
29077
29077
29087
29088
29092
29092
29092
29094
29094
29096
29096
29097
29111
29113
29113
29114
29116
29122
29122
29125
29126
29129
29130
29133
29136
29136
29139
29140
29142
29143
29156
29157
29162
29170
29171
29176
29177
29177
29178
29180
29193
29196
29198
29199
29201
29203
29210
29211
29213
29216
29217
29230
29238
29240
29242
29243
29248
29248
29251
29256
29259
29269
29270
29273
29275
29277
29279
29286
29288
29288
29293
29297
29297
29300
29303
29304
29308
29310
29312
29316
29319
29325
29330
29339
29340
29340
29342
29349
29350
29353
29361
29361
29365
29367
29368
29371
29374
29374
29382
29383
29388
29390
29392
29404
29406
29413
29414
29415
29420
29423
29429
29435
29436
29436
29438
29439
29440
29451
29451
29456
29461
29463
29469
29471
29475
29475
29478
29490
29490
29491
29498
29499
29500
29501
29502
29502
29503
29505
29507
29508
29513
29515
29515
29515
29516
29519
29520
29522
29530
29531
29537
29539
29547
29550
29553
29554
29560
29567
29572
29573
29585
29587
29605
29611
29623
29624
29626
29628
29628
29629
29638
29639
29642
29642
29642
29642
29643
29646
29650
29652
29656
29657
29663
29664
29667
29679
29685
29693
29696
29708
29717
29721
29721
29723
29724
29726
29734
29736
29741
29742
29747
29752
29754
29756
29758
29772
29773
29774
29777
29782
29787
29789
29797
29797
29803
29806
29812
29812
29817
29825
29826
29840
29844
29844
29845
29846
29850
29850
29852
29854
29854
29856
29857
29858
29862
29866
29867
29870
29871
29871
29877
29880
29883
29883
29886
29888
29890
29902
29908
29914
29916
29916
29920
29923
29925
29929
29929
29930
29931
29933
29936
29936
29938
29940
29941
29942
29942
29944
29949
29953
29958
29962
29972
29975
29976
29977
29980
29981
29987
29990
29994
29996
29998
30002
30010
30012
30013
30014
30017
30018
30026
30026
30026
30028
30031
30037
30037
30038
30039
30044
30046
30048
30051
30053
30057
30058
30058
30061
30062
30062
30064
30067
30072
30074
30078
30084
30084
30087
30094
30095
30110
30113
30114
30118
30122
30123
30123
30126
30126
30127
30129
30131
30134
30135
30138
30142
30143
30143
30144
30144
30146
30151
30152
30157
30160
30163
30167
30177
30178
30179
30181
30195
30196
30199
30201
30208
30208
30215
30217
30223
30234
30235
30237
30237
30238
30247
30247
30259
30260
30263
30264
30266
30270
30274
30275
30275
30276
30277
30282
30298
30299
30301
30305
30312
30313
30323
30323
30326
30328
30329
30331
30336
30336
30339
30339
30349
30355
30366
30379
30381
30382
30390
30392
30398
30400
30402
30407
30407
30412
30414
30414
30420
30420
30420
30424
30428
30434
30436
30443
30445
30446
30450
30453
30456
30457
30459
30463
30466
30471
30472
30474
30475
30479
30483
30490
30492
30493
30495
30504
30504
30505
30505
30511
30512
30516
30517
30531
30536
30537
30543
30545
30552
30552
30554
30557
30557
30559
30560
30560
30564
30565
30572
30575
30577
30583
30583
30585
30588
30595
30598
30599
30599
30601
30604
30605
30609
30611
30614
30617
30617
30626
30637
30638
30638
30641
30642
30642
30644
30650
30651
30653
30655
30655
30658
30659
30662
30662
30663
30664
30669
30674
30677
30679
30679
30682
30682
30699
30701
30702
30703
30703
30704
30721
30728
30734
30735
30738
30739
30740
30741
30744
30746
30746
30746
30750
30751
30754
30755
30755
30757
30762
30763
30764
30773
30776
30788
30790
30798
30799
30804
30804
30813
30815
30816
30817
30823
30825
30826
30827
30827
30828
30831
30833
30838
30846
30847
30853
30855
30868
30868
30877
30879
30880
30880
30881
30881
30885
30886
30887
30887
30888
30894
30895
30900
30907
30909
30910
30910
30913
30915
30915
30916
30925
30927
30932
30938
30941
30942
30945
30952
30960
30963
30963
30963
30971
30972
30973
30978
30983
30985
30986
30986
30988
30994
30996
31002
31002
31007
31009
31010
31018
31018
31022
31022
31023
31025
31030
31034
31040
31040
31041
31045
31047
31049
31052
31052
31053
31055
31067
31068
31068
31070
31071
31072
31072
31074
31076
31084
31084
31086
31092
31098
31098
31100
31101
31102
31103
31106
31116
31122
31134
31136
31139
31140
31141
31142
31145
31153
31157
31157
31159
31166
31166
31166
31167
31169
31174
31174
31176
31180
31183
31191
31193
31193
31209
31209
31210
31211
31215
31224
31224
31226
31227
31231
31232
31237
31241
31241
31242
31243
31247
31248
31248
31249
31257
31261
31266
31269
31272
31273
31275
31276
31277
31277
31287
31298
31299
31300
31302
31302
31306
31309
31310
31320
31324
31333
31333
31335
31371
31376
31378
31380
31380
31383
31387
31388
31389
31391
31393
31395
31396
31397
31403
31403
31407
31411
31413
31415
31419
31423
31433
31434
31436
31437
31439
31448
31457
31466
31467
31472
31479
31482
31484
31489
31492
31494
31496
31496
31501
31503
31505
31509
31510
31512
31517
31518
31520
31520
31522
31525
31531
31533
31535
31540
31541
31542
31542
31544
31544
31546
31547
31553
31559
31559
31561
31566
31566
31569
31580
31580
31581
31585
31589
31591
31594
31594
31596
31597
31604
31606
31606
31608
31608
31621
31629
31634
31636
31641
31645
31648
31651
31651
31652
31652
31653
31656
31664
31665
31666
31669
31669
31677
31679
31682
31685
31692
31699
31701
31701
31706
31710
31712
31713
31714
31715
31716
31718
31723
31725
31725
31727
31728
31734
31736
31740
31742
31746
31749
31752
31753
31762
31765
31767
31767
31774
31776
31785
31786
31805
31811
31815
31816
31829
31830
31835
31836
31842
31845
31846
31846
31850
31851
31855
31862
31865
31865
31872
31873
31874
31878
31884
31887
31900
31900
31906
31913
31920
31921
31924
31935
31936
31944
31946
31952
31961
31962
31964
31965
31965
31968
31969
31970
31972
31975
31976
31985
31991
31994
31998
32003
32020
32031
32038
32039
32043
32045
32045
32045
32047
32047
32048
32062
32069
32069
32072
32080
32081
32085
32087
32093
32094
32095
32096
32098
32100
32101
32103
32104
32107
32107
32109
32109
32111
32111
32116
32119
32121
32122
32122
32123
32124
32130
32138
32140
32143
32144
32146
32150
32155
32156
32163
32165
32187
32194
32194
32201
32208
32209
32214
32220
32220
32228
32229
32230
32235
32242
32244
32245
32254
32259
32262
32264
32265
32265
32265
32272
32279
32285
32289
32294
32294
32304
32304
32311
32318
32318
32318
32319
32322
32325
32326
32330
32331
32333
32336
32338
32341
32344
32348
32351
32354
32358
32366
32367
32370
32370
32371
32381
32383
32394
32399
32402
32404
32411
32420
32421
32426
32427
32429
32429
32433
32433
32434
32436
32441
32443
32447
32448
32451
32459
32460
32461
32462
32464
32468
32470
32473
32473
32473
32477
32478
32490
32495
32496
32499
32499
32511
32518
32518
32520
32529
32533
32537
32538
32544
32547
32550
32559
32564
32565
32567
32568
32569
32577
32577
32578
32581
32585
32592
32594
32597
32599
32600
32601
32606
32618
32630
32632
32634
32635
32635
32636
32646
32650
32651
32663
32664
32668
32668
32670
32671
32673
32677
32683
32684
32698
32699
32703
32704
32705
32706
32707
32708
32709
32709
32709
32715
32718
32718
32722
32725
32732
32735
32736
32740
32740
32748
32751
32752
32752
32753
32753
32753
32755
32758
32762
32764
32766
32767
